661,4796 9039 1516 1091,7,4796 9039 115876 751 1516 1091 48 3301 4243 1385,0
677,13813 5086 20344 63297 131452 304 1261 28488,2,63 33 6489 156 20304 68 3 616 39 13813 5086 20344 68 3 616 9185 84 1558 51486 37,1
470,267 328 1494 3229 2586,1,379 659 11318 1494 20965 612 2623 17779 2586,0
330,15857 1650,4,171069 15857 2138 78 78 15714 27 2919 1368,1
422,52 53939,1,2105 234 27 1225 351 2562 1452 24 53939 23 15 38774 11,0
266,8648 53,10,1665 6791 8411 81 7 21 120 31 27 53 124 67 27 693 8648 4469 41 812 4499,0
580,750 391 10 237 390,2,425 772 10 1618 391 7316 37 81 1612 661 27 390 10 398 2091 391,1
170,548 36734 36263 24257 9589,2,96 23112 36 13941 768 548 36734 36263 69798 27 196 24257 294 58857,0
666,42973 50157 35012 7009 3371,6,31676 1401 1948 817 9026 27 13822 35012 115999 3371 27 331 18141 74077 323 31,0
463,44236 103966,11,248750 796 677 59459 1968 22620 1906 19613 10499 20472,0
222,464 15 629,3,464 629 59 15 11865 27 3588 11265 24799 24843,0
29,3117 74891,3,723 74891 27 360 1329 631 695 48694 123904,0
166,29587 154 2903,5,24505 221065 36 22200 2897 1585 7363 22323 154 14619 2903,0
438,10741 3985,7,7882 10741 27 10590 27 4222 74378 27 57357 27 5512 8547,0
19,60 20 33145,4,91137 561 4736 9107 3471 10762 37 60 109436 735 1415 63 37 71 148 70,0
482,1387 61527,2,38776 2484 620 33722 124962 29970 587 6848 8975 1387 61527 27 22 55 228 462 15 563 16 2576 39 6723,0
266,8648 53,17,8648 113 7 3598 120 4 138 27 2572 50469 9469 27 53 67 5791,0
535,924 23549 124297 844,5,23549 124297 3343 1203 70132 1000 40 77 673 11,0
628,51796 4334 12756 41522,6,1762 51796 4334 41522 71 85643 70,0
636,8574 5918 3116 3580,1,37647 12 3580 18 8574 5918 19 27 2882 265 40 92 126 27 318 233,0
149,101085 38528 2283,2,89507 69170 38528 6751 27 153 13 95 78131 48 101085 27187 11,1
506,3888 1534 571,17,3888 48808 18 6 1262 19 27 6178 7558 172922 269 40030 11 1735,0
446,75331 10317,11,75331 10317 4728 117 777 27 68686 1991 11982 229 5381,0
87,82809 16147 18858 44732 93694,2,44949 12903 122 140678 1489 16147 18858 16331 44732 93694 27 2381 4217 15 5271,1
84,60209 7390,11,8069 1602 611 8252 27 7390 9480 645 2436 27 533 15 160 484 2091 39946,0
559,2072 19084 18160,3,2072 19084 18160 494 11 4632 17 26536 11,1
395,4320 5310 8 1320,2,4320 5310 15 46 27 1161 2634 179 29599 27 119 1320 17631 65 786 27 22 55 146 5174,0
34,1322 279 1883 418 136237,4,425 418 35 1883 418 35 10116 21343 279 27 26 912 1446 175 15,1
453,328 8178 675,2,6575 5291 8178 2230 15 675 129 178364 281 289 64 9069 1086,0
267,55224 5602 761 34222,6,74 12 68 5261 9 17608 27 5602 4613 34222 25 48964 31,0
104,4000 29 5866 1124 2102,5,1095 3190 528 18 4000 29 5866 19 27 7640 31 20808 27 233 11,0
723,196054,6,45114 2750 83678 36 57499 113824 15 24 34272 2320 23,0
515,506 26 56536,3,74 11601 1892 435 36727 14664 72 38 1178 6806 26 56536 8371,1
443,12497 1981 10686 7931,10,4807 15 9007 10686 902 1075 10686 1981 2383 10686 7002 1075 69,0
487,2325 9341,8,2595 11 119 22867 4116 13254 9341 532 2325 15,0
454,328 1988 8714,1,16675 659 5579 27 3443 2247 1988 15 3514 20218 93 8714 27 1988 507 157 124 67,0
40,1308846 2400 20309 330 6629,3,34687 507 4461 685428 2400 20309 38049 27 255 17749 39 59969 27 58 41 1247,0
104,4000 29 5866 1124 2102,2,227 528 156 15 18 4000 29 5866 19 1282 294 124 3271 124 126,1
354,10936 19640 6429 12369,2,10936 2038 2107 19640 27 227 18 6429 19 817 1492 27 3757 3911 62 116 11,0
501,900 134 41014,9,900 134 101 128 14261 15 14957 1580 251 37 852 318 2528 37,0
430,63 4203 5463,3,3821 1075 191 15 12849 29281 1981 27 4203 112 5463 161 138 31,0
386,838 324 196 2777,2,838 261 290837 133 324 4980 36 4845 68 801 1420 169 80,0
490,10259 1075 10,6,34544 22390 10259 101971 120910 71 30513 1309 70 2809 1075 342,1
189,33590 5258,8,12741 35 33590 2008 15 509 27 3383 1079 27 3917 9463 807 45 25283 31,0
501,900 134 41014,19,900 134 815 2338 2269 15980 27 110 253 1235 29033 37 7104 8451 34651 11,0
657,140241 10303,1,10303 82 114 3 3 3 3 3 3,0
226,6431 3478 2655,3,3478 798 143 27 332 36 822 38 1375 6431 15 429 31,0
722,233724,3,2925 360 36 32307 56917 7959 43 15 257 2132,0
138,35962 53944 8214,7,53944 186 27 8975 2672 292,0
377,67776 8 1047,11,50 16 67776 876 27 4 745 77842 15 1047 71 383 70,0
148,64500 1820,9,5328 592 15 1957 40 77 29316 27 351 1820 49 2050 4770 64500 11,0
288,6607 943 42432,2,787 831 11 2153 180 27 303 9981 943 606 42432 23908 11,0
717,223224 5217 10672 523738 461,7,461 3737 47 22 461 2868 27 10672 625 53393 27 2 22 327 15575 11,0
588,182 1229 58455 10,5,103 53003 8 75 58455 1229 3897 816 1143 27 405 36071 1143 10208 2334 27 837 4 4634 4 2036,0
688,42080 9806 14 341,14,1723 42080 12 4258 11 23808 3450 14 53161 27 42524 25160 11194 2830 14 4069,0
613,3316 32 45115 39 42317,1,45115 15 10559 2408 354 270 45115 39 471,0
681,28460 10486 176207,5,29253 28460 14 10486 2812 27 68771 3299 72 38 9202 18933 27 8476 1474 15890 2906 58433 77 1155,0
255,3415 31 173 15 3727,3,2 112 6695 25082 15 15185 36 18 3415 27 173 15 3727 19 270 109598 1087 471,0
78,32018 34498 5467,8,4 14 38276 167 7901 31 11 96 5467 760 6375 40 167 144 11728 11,0
48,5641 16 13547 30,4,4424 36204 1776 8370 5641 156 38 1821 1633 820 27 3003 5061 2842 5641 7014 15 7798 4746 1821 1633 820 239 37,1
438,10741 3985,1,12 49 102 544 443 27 10741 23261 27 19408 9544 3013 55536 27 3440 72 41 4763 131172 11,1
610,1288 56 32916 83365 265,1,2 2783 34 926 15 41319 2732 36 227387 16 3028 27 896 31 22 27 31693 280 115949,0
261,74 3027 1654 147 2858 556 942 100,2,167 64 395 15 2099 127 10723 1654 2858 942 11 93296 127 35026 685 556 1970 942 100 122 71 134 70,0
518,9687 14157 131,5,697 48 32645 15 817 7605 27 21 1823 15 524189 14157 131 78 78 9687 93 29090 11,0
217,3983 2009 6405,3,18 490 16 3983 19 2009 6405 7285 86 36 234 575 4 289 31,1
540,86646 7522 2812 4124 3330,1,25248 4960 4124 3330 24 1101 4124 3330 158 1695 4004 23,1
168,18713 33 22395 1865 27 7840 852 159 311 5972,2,488 5717 35 12627 35 40072 27 3348 1317 18713 5164,0
416,46 3554 4261,6,10279 99 3981 9013 39 4261 3554 27 4261 12587 15781 27 10279 99 77 1108,0
635,9386 5118 19339,3,770 19776 1264 36 1817 2006 11 2838 8590 37602 43076 33 8031 15 6085 11,0
305,3476 262436 596,3,3476 596 2840 15 2787 262436 27 596 49 8267 1214,0
393,2542 92065 5 1179,12,2542 92065 5 1179 36 87237 35 107134 35 66274 35 9763 2848 6991 35 6226,0
516,36524 39882,1,12 1376 27 21484 1894 27 10109 25 109 1152 3891 39882 27 41 97 407 39882 30 37,0
186,383 2297 204,2,383 4322 2297 2550 15 2061 6025 88 10509 11805 221 4563 24043 50171,1
147,84 9242 3185 16 353 1443 30,10,397 82863 24967 8485 12749 27 66360 6032 7502 9242 1443 11211 4078 11,0
459,90589 422886,5,450 138 15 35209 42053 71 383 70 90589 403 422886,0
131,48 3146 12890,4,12593 27 73388 27 10792 4561 355 103,1
268,5646 1012 6724,9,22610 2127 2995 109282 310 644 184358 27 5646 1012 14 1250,1
139,530 3645 39703 1898 28,1,28 897 14 4247 195 29609 64 39703 16446 27 10598 14 9209 15 195 365,0
201,17546 4464 15 317,6,17546 4464 27881 13 2240 2514 4798 524 4715 564 185 187 180 22 15 221 75 13 119 977,0
613,3316 32 45115 39 42317,9,45115 39 42317 10559 20578 8949 538 270 45115 39 471,0
560,91961 973,11,91961 941 520 8208 3193 3528,0
355,96211 2804 498,9,96211 24310 102450 36 12600 10427 15 37843 24454 2410 312 18822 62 819,0
396,89243 1290 2477 4135 330,2,89243 36 68 1033 1073 49 13436 330 1739 27072 301 1845,0
545,5644 263 2012,6,51070 3632 3073 11 23905 18 263 33760 729 19 1815 2493 1485 5644 12776 454004,1
147,84 9242 3185 16 353 1443 30,16,5346 5053 7918 27 85 5778 4004 216 2338 17643 1832 11,0
98,139 33313 2898 1019 663 1294 397 2233 3656 2209 39 3656 712 12207 55 140 9156 12 833 1236 16317 33677 29966 16317 196346 100777 228066 16317 43 689 35068 3447 35942,3,37281 1019 663 1294 2602 2233 2671 12207 2311 5334 600 299 7366 2311,0
660,4796 2893 154,8,4796 7016 154 15 1415 11,1
47,4739 70290,1,8342 1068 16598 1333 2980 27 4739 15 70290 71 989 4072 70,1
311,249584 6829 12903,2,32728 6082 337 6829 23840 4319 48 225583 183496 2030 12903 2599 71515,0
623,193 2664 1981,9,19940 19364 33022 3626 68 101 1147 625 6037 27 4203 19940 1981,0
31,29429 125 15 489,6,22 2593 29429 125 64 22940 125 132 55 208 50 37,1
117,4337 632 52146 96687,2,96687 157 16 4337 215 52146 30 37,0
180,98 29 31803 8 1530,8,1017 1176 12730 1882 1530 15 887 1012 27 829 79 103,0
660,4796 2893 154,4,33 4796 949 8035 9 251 37 89 778 169502 188495 183792 154 423 124433,1
14,397 1654 1523 4525 37201,8,226 127 37201 1654 1523 4525 555,1
671,90 3251 556,4,9039 90 27 748 2649 1412 556 11 1422 1214 395 979 51 1832 33087 27 2329 1884 9 605 1212,0
700,13 50 1713 52 15 83,1,2789 63597 20314 1324 83 559 52 37 134 127 2515 1324 318 2227 1070 83 245,0
156,20 5280 66,6,319 33520 280 14813 8535 178 3 616 3 66 1316 1662 3244 20 5280 56823 7810 975,0
448,2211 128 8738,1,141 75 1081 8738 2211 37 3594 189 381 8602 47101,1
504,29944 5467 258 1191 34311,2,258 1191 34311 2230 54 15 5467 245 79 262 11,0
176,39168 15104 12227,15,90 39168 77428 188 156893 593 14025 12227 27 85 14957 272 21 849 1962 15 31,0
182,58710 9615,1,4499 58710 42 109 9615 30 37 56 67 438 161 5245 58710,0
267,55224 5602 761 34222,2,55224 312 427 7670 667 2199 1212 37 4106 7872 153 16 182 990 15 37,0
148,64500 1820,6,15749 251 682 9696 64500 37,0
486,6388 34617 15 160,9,2204 102 22 24 34617 23 15 160 27 153 6874 2207 37 22 13 183 951 155 15989 15 37,0
725,4130 1099 176 10,15,4130 35 2065 5492 10006 1099 27 269 5413 458 1292 219 11,0
349,5265 1010 5627 1260 3584,4,17 1010 5627 1260 27 5265 1010 5627 6613 137 137 89523 5223 5265 27 111919 103901 11,1
409,1923 9614 3643 30,1,1734 5500 27 425 27 900 3815 27 350 50 52 15 3488 2030 2122 37,0
136,3495 383 55,9,953 383 7506 1016 1213 1437 27 12 1437 27 3495 383 7506 921 947 3912 87 87,0
67,1124 2118 28 13855,7,5053 10772 176 27 609 99 528 2118 13855 27 603 8044 2843 227 5239 15 528,0
489,8500 18533 1244,2,32 31 18 1207 22991 19 136 15 11837 27 142 41 5701 111 13 28384 16256 1410 37,0
76,16564 33246,2,1990 15841 2038 1276 36 33246 85 939 38714 2702 517 309 31 58 41 1686,0
259,74 11264,3,74 11264 1339 47 22 32 4804 1167 27 115 1144 4804 16741 117516 27 17208 2358,0
658,5558 9278 2131 49 60450 1154,2,18 94668 19 42422 3158 15 1797 4586 4410 268 56 18527 30 37,0
68,25768 6538 30971,5,4248 36 229 1060 3806 499 30971 3558 369 33800 52329 14 106219 2836 5726,0
64,156907 88992 601,6,959 77 277 15 6579 116 88 9250 3925 10591 88 18 129815 78899 19 2666 23600,1
47,4739 70290,3,340 59 6783 4739 1107 70290 15 1068 36 81 15 5019 822 34813 31,1
401,24067 8001,7,6547 736 15 24 24067 8001 23 27 15162 2017 1435 3343 545 2703 5481 2515 169 31,0
340,590 135 16254 6406,12,839 16254 6406 16153 28748,0
545,5644 263 2012,3,5644 263 18 2365 3 1496 19 1099 2160 23331 71 6484 70,0
36,136819 12477,7,14426 711 127 160817 504 304771 540 12477 1933,0
592,557 3358 28 61,10,28 174 5594 625 3358 63 908 557 122 167,0
726,4130 10143 292 1760,6,4130 227 18 46597 292 19 27 1004 1292 15 15461 15,0
75,85251 743 77 126 1044,5,1455 223894 528 1044 743 9705 36 40133 27 126 382 11,1
631,7581 47576 80380 36619,2,27719 49414 93784 20160 7581 12795 48 1356 110380 65781,0
167,49105 3608 884 135,20,5797 884 13722 8356 711 137 27 705 3608 3437 18 2246 55801 19 122 5797 3809,0
258,74 209954,2,250319 35196 8160 18 17634 209954 742 19 61556 768473 2670 188 71 233 97329 70 1755 3689,0
174,15752 16553 8953,5,25590 1395 2378 45142,1
620,902 8683 1981 3310 1494,6,96 22441 2809 32766 8683 388 10 9174 2809 8683 1075 10 2809 1818 15 1075 782,1
84,60209 7390,2,1990 36 8069 14 96 1073 20474 42 367 7117 37 86 36 268 3161 7390 205 47500,0
384,52934 5447 5909 1023,8,826 1087 31 56 33 4508 774 208 15 13316 27 5613 17 17215 11,0
126,6955 621 11786 394 146 8143,4,621 5460 59 11786 27 930 394 146 534 27 346 5 180 31 23372 27 13 7624 11,1
391,11424 118 8727 494,2,30831 3538 11424 3266 494 1754 3691 11 562 786 1941 623 423 8727 118 1047,1
678,891 740 59 7945,4,891 1345 740 144 5780 172 495 137 180 13788 24 1191 23 131 34609,0
339,21860 61,4,426 428 4105 42 214 21860 11 2 230 8 1315 219 11,0
157,20 50856 245,1,1188 515 132 15 20 6348 197 34 11,1
728,1174 7749,4,1174 91 26 29 775 3066 303 4332 4829 36 301 769 7749 253 1418 68 80,1
59,246454 196068 122 14754,6,12329 18 14754 19 6735 5155 749 15 1954 833 990 1348 24125 4584 55 13 16114 122 19499,0
161,8416 74977 596,3,8416 74977 33666 3357 139 11680 136 15 4383 140,0
182,58710 9615,2,12383 267 13120 2900 36 5037 58710 199 42 41 9615 30 37,1
432,63 16225 15965 120,13,16225 199 8417 12 29 6251 27 837 15965 146 120 27 9153 40 175,1
662,116444 5633 1535 93 71498,1,32621 1535 189330 93 71498 1449 12477 11,1
530,1741 21 3118 15 17762,1,3979 36 30304 64 67692 8320 27 37222 25 14 5517 185 31 1412 15239,0
522,11260 178 2324 135 189,17,16520 73065 45 5253 27 11260 2324 431 31 3547 28404 79 5087 27 22 13 3769 30,0
159,35401 1165,2,1068 40 9 190 15 2745 27 20974 35401 27 22 190 31 30 37,0
167,49105 3608 884 135,10,49105 14410 3608 1294 24 17 92 551 591 23 7108 9677 11757,0
564,5791 14396,10,1734 601 5791 27 3261 18118 13107 350 492 1613,0
620,902 8683 1981 3310 1494,3,14709 13845 1075 14144 14814 127 12849 32766 2809 8683 1075 388 10 9174 2809 8683 1075 342 902 1818 15 1075 782,1
442,13918 34227 342,5,439 36 3506 34227 4706 203 364 27 13918 75 1234 203 15087 733 11,0
285,819 28 7567,16,28 147 225 493 27 5407 25 92 36 2879 339818 27 115 613 4838 31 162 11,0
259,74 11264,13,503 79 6071 31 27 74 11264 119924 2764,1
509,725 144783,7,112834 813 23727 144783 27 33768 813 181667 27 104161 27 21449 191,0
107,37186 1452,4,2266 1995 37186 39 4927 15 1207 15 4645 27 37186 39 4927 153 559 505 37,0
262,3576 1120 12034 5 50,1,3576 8032 12034 27 40 3103 22 111 5 12 178 118 1195 27 272 114 42 38 15262,0
444,4933 1144 187 29232 61,2,510 1144 187 7304 25 280 41 36462 21437 31 119 21437 7233 487 55 3630 29232,1
424,63 7 134514 3214,4,63 54 5314 291 3214 37 484 15 3101 103 27 74 173 1339 47 22 7 3214,0
136,3495 383 55,11,340 76 14254 13608 15 3495 4589 2982 27 580 119 16572 16501 39766 30 37,0
717,223224 5217 10672 523738 461,3,39710 109 461 27 1656 24651 7059 72 183 554 27 47 22 293 45648 39710,0
729,9162 52185,3,9162 459 52185 31884 27 614 32 43 2100 27 12 158 10205 5597 15 2246 11,1
595,1502 8793 4213,1,413 8793 129 1511 1502 1152 4213 11 2167 2515 169 9367 132 215,0
546,34272 213350 310574,2,1497 32 11 34272 23167 1070 4140 1287 39234 96 4731 15307 527 359 11,0
178,1180 867 68474,2,110 867 15 68474 14 2217 21 873 15 653 37,1
196,2110 45 5267 116 1661 1790,6,21 277 15 458 21 277 15 295 294 40 190 31 18 2110 45 5267 19,0
361,51294 225949 38406 105,5,51294 1271 551 591 35314 11201,0
718,85552 2982 884,8,14102 24 1109 369 23 25892 25835 3111 199036 3166 27 374 24 674 11779 1739 23,0
281,3114 323,3,3640 36 3114 24 14871 23 1821 319 15 7191 11 20 1859 14516 1653 50382 5173 37,0
194,8696 22993,16,8696 14220 4208 22993 4564 27 38 233 55 895 15 11,1
525,33059 107682,2,212 18 20740 20151 19 27 33059 35 73165 963 1087 20740 10901 11 88 59,0
243,3781 29138 252 260 4526,8,1175 672 270 252 4526 3781 260,0
189,33590 5258,1,60708 5258 509 18 26063 122 10909 19 28542 33590 289 8920 11,0
517,1233 3134 6754 212 498,1,18 3134 6754 9710 19 1233 6672 3335 36 22 12 18577 58 92 212 2648 38 9709,0
92,986427,6,101672 336742 83486 63 16129 882949,0
136,3495 383 55,13,7211 1711 1379 606 75 13656 3495 11 3542 1133 1612 56 112529 27 5803 444 33 87 87,0
415,46 15 25276 33 4644,2,181 24652 386 4330 27 4330 72 10833 57 33 4644 431 46 27 176 42 2520 5722,0
446,75331 10317,20,10317 75331 3322 27 10317 3716 748 75331 425 37 75331 1281 371 34142 37,0
222,464 15 629,11,629 59 21 565 15 46 27 514 464 12239 27 11196 2355 1902 2423 1078,0
588,182 1229 58455 10,6,223 1355 92 17 58455 1384 10863 27 54 85 1642 58455 1229 15 124 927 27 52 362,0
519,1610 9 127,12,156128 876 193 127 60270 1591 15 1610 174448,0
375,100068 4774,1,25796 841 18554 37351 100068 1345 1447 27 76 75 3562 2220 2472 10997 4343,1
146,84 4817,1,7467 6246 36 4214 44537 265 27 702 296 33 6572 84 1087 4817,0
95,204 54 28122 7 33057 4053 255 5171,2,7 3292 33057 11 33 58 38 1375 111 138 15 33057 54 31,1
144,125121 4735,1,485 36 705 125121 4735 27 563 15 450 231 27 22 114 30 37,1
183,31 1765 18984 1760,5,7761 3057 18 31 1765 18984 19 176 1099 156 27 200 85 46112 4063 508,0
11,21607 77157 13 50 13141,3,8385 88 301249 21607 127 57596 9651 20032 1395 27 103091 64 1797 15 57697 40 13708 27 17866,0
462,14248 32742,20,14248 409 64 15 27 174 32742 42 5598 19054 27 86 36 21529 821 1811 11,0
568,510 35794,5,1248 173 510 43 175 35794 27 196 267 921 43 27 115 646 12182,0
20,60 144807 6378 2878 4462,1,174382 76 18971 6105 1601 178 169 39716 9507 50929 84 23803 1007 7054 5294,1
563,64839 1372 61,7,18940 8694 187414 11 253 17412 64839 38 17412 5120 27 10674 1372 25 1372 11,0
51,12933 366 33485 105386,3,12933 198648 1166 15 825 27 12933 366 33485 15 903 27 12933 366 33485 4657 11,0
167,49105 3608 884 135,9,49105 14410 3608 21998 659 1180 7362 787 4160 2320,0
473,267 3821 6079 1075,4,191 15 379 6079 3821 1075 27 15104 379 6079 1981 342,1
634,502 10 83 12887,6,83 12887 342 27 1847 7 2984 10 1166 27 107 259 82698 71415 27 330 2079,0
638,301765 3217,7,22920 1799 944 18132 4 13674 27 299 4743 15 125429 2871 27 47 22 63 7 623,1
651,469019 299 11491,2,724 24 6625 4436 23 4415 18 20 10618 15483 299 11491 19 15 7854 7624,0
544,286609 473880 12656,2,2750 1146 320 22032 27 34218 354316 75 4037 24 20 5892 12591 33103 23 170 10 171,0
60,165282 601,7,164 584 31 7104 18 35328 10947 27183 19 15 892 1901 31 27 5845 2677 27 2181 1703,1
167,49105 3608 884 135,11,49105 14410 3608 31494 56857 1496 792 13577 27 37793 27 361 43708,1
524,3132 5939 1650 7596,3,3132 4064 24 41668 23 328 1668 27 88460 56 7596 1451,0
154,20 33 1301 972 606,9,141 164 9 972 606 31 27 12 26 1957 72 14 20 4382 31 8115 5168,0
674,3053 78104,3,3053 78104 196 16 24 43521 23 409 37,0
601,4012 5320 80 15 5995 3093,3,5320 1310 6075 27 13 50 52 15 11824 245 30 37,0
428,63 1472 53227,2,10053 3265 483 53227 43 63 1472,0
688,42080 9806 14 341,20,597 42080 26 1012 6827 2972 12147 11194 35098 2158 14 341,0
35,2269 10657 109 98,1,2269 65 2005 2227 10657 2238 41 41414 2963 39 1040 27 26541 25840 229 29 967 11291,0
676,12266 267 361 8252 124 277,3,12266 267 97 28 1416 25469 361 124 277 27 1225 2062 15 8121 36 8642 27 2477 567 43157,0
579,745 2489 23523,8,15594 56 3590 2489 7273 15 69 1520 15 5098 175 15 109 233 933 11,1
285,819 28 7567,4,195 147 5663 28 493 11869 27 28 216 104 1137 7567 27 45 2555 31,1
560,91961 973,7,513 62 15 966 36 4486 16093 27 682 915 27 91961 27 682 7276,0
521,7861 243673 285 41251 10358 51332 9 2331 2089 7202,2,32006 859 8224 26078 36 12 123 29 2051 6232 2731 423 782 906 786,0
561,27465 3626 24429,3,3888 38776 10 27 1741 24429 15330 12306 23928 322 342 27 2814 1029 2980 2082,0
628,51796 4334 12756 41522,3,4536 51796 4334 41522,0
103,26 9578 402 2992 1594,1,9052 9578 402 9893 2992 52836 15628 33 48778 10944 4381 1594 2695,0
442,13918 34227 342,2,439 7802 2990 9904 34227 27 13918 54 114854 34227 27 788 20797 17263,0
636,8574 5918 3116 3580,14,37647 227 18 8574 5918 19 3116 8978 27 382 97 294 11,0
704,6068 37517 240 10,17,4050 15 594 36 10092 240 37517 27 6068 40 23275 27 289 15 2080,0
342,11184 3176 20282 45441,7,5166 2581 5638 18 494 21234 19 1076 2051 3176 20282 45441 726 8 1612 239 37 71 687 70,0
32,138140 10597,10,10597 62165 39 36314 67717 1038 163792,1
475,38843 13040 1897,9,38843 128877 14966 4041 55 346 13040 30 37 1360 1873 6258 11,0
220,124928 7475 144 2550,16,228742 228 25668 44296 141908 14330 37 124928 7475 144 2550,1
508,725 32962,1,173 2728 27 163 9612 2766 3012 27 196 2766 2285 288 32962 27 30419 31 2423 746,1
523,2697 232435,1,33194 63559 106 3623 4381 232435 27 543 14 10286 15 14435 1787 4662 84,1
566,510 29 187 1029 6,4,510 1144 187 267 33 982 136 13 1251 37,0
722,233724,8,788 23515 409 37,0
456,621 15 27582,5,63 4459 621 15 27582 27 1297 15 1489 4843 15444 27 42 17514 12 348 3469 11,0
395,4320 5310 8 1320,10,7230 28 4320 4 113 5310 355 409 37 382 293 1320,1
384,52934 5447 5909 1023,7,826 2462 2115 78460 3704 59 208 15 471 27 1122 469 2 44 2660 11,0
220,124928 7475 144 2550,6,464 12761 92 59123 480 15536 629 1151 2546,0
27,76 13312 1572,5,76 138 13312,0
682,3429 3597 122 2409,9,3429 11069 36 8753 108 57491 677 1337 52443 10852 27 6931 2 2531 8480 31,0
731,28108 48 7942,4,28108 41 39 7942 266 5 30 37,1
277,396 240 10 279 22339 7068 439 240 10 204 5571 204 7508,1,240 439 396 36 18796 5780 42 41 113 54 11 77700 193 15343,1
688,42080 9806 14 341,1,42080 270 363 403 711 11535 16439 6917 168 5050,0
145,30658 435 106 431 7132,1,2169 30658 151 106 12253 7132 37 12 348 429 9 1047 52 11,0
178,1180 867 68474,17,1180 97 68474 96 14088 2699 15 44808 1772 15189 28917,0
222,464 15 629,8,464 27 20 456 15 23378,0
467,121279 44129,11,44129 70490 3458 403 121279 36 624 44129 33 27 17 1694 8075,0
536,700 4131,2,13342 22345 11 700 1018 2452 12662 1491 4131 420 1097,1
214,22 110 25609 5645,3,4601 92445 1849 43 176372 60011 371 712 231 3462,0
407,22176 1191 38119,3,242351 36 1750 1350 266349 39 1191 116626 226900 21460 10109 27 266349 3561 214 10926 25913,0
359,3317 3524 452,4,2659 617 1625 12414 1779 244 152 3524 27 3553 16176 80,0
282,12454 3119 429,2,6861 41701 12454 3119 2535 429 27 11389 1968 1168 1104 1995 30117 856,0
163,166597 33550,5,340 45498 33550 15 16711 2172 11,0
320,34015 6500,1,902 2061 5348 15 9519 573 34015 27 67 4 191 27 2435 175,0
563,64839 1372 61,6,47469 36 75624 5598 15915 289 15 8224 27 64839 16282 14 27798 27 103808 10469 144 4078 11,0
616,11664 4779,13,11664 4779 1157 16 95 37 11664 4779 95 2150 37,1
169,40678 2958 1856,2,55026 706 723 2958 45719 7146 1974 2978 842 420 1856 15 2421,0
192,69866 973,4,859 1743 6210 27 69866 11,1
459,90589 422886,18,90589 403 422886 88 147 3783 88 38198 5019,0
228,7004 20 5178 5538 10,2,907 27 529 23487 2364 36 756 14 141 5538 27 381 5560 266 6951 11,0
725,4130 1099 176 10,9,4130 325 1099 176 222 62 116 18 5234 1168 522 859 19,0
267,55224 5602 761 34222,12,1537 3131 27 552 17510 950 34222 5602 1053 16 4351 11,0
287,6607 59 110 13 330 968 3657,3,606 59 4793 330 968 3657 182 109 13 1107 37 5316 1674 85 8936 2 34 788 11,0
180,98 29 31803 8 1530,9,106 98 4600 178 3 101 444 101 3 134 85266 4390 755 12730 27 183 16147 22527 52 7 30 37,0
412,893 15901 1043,5,340 36 716 893 15901 716 893 4221 1708 136369 1043,0
520,452 4000 750,3,934 64965 40 27924 452 31 27 110 99822 2598 108 1608 239 37,0
628,51796 4334 12756 41522,8,51796 4334 41522 71 2158 156 70 3 12756,0
476,4775 3860 148,3,725 1998 4775 6536 362 148 27 712 77 175 11,0
436,15915 1950 8 4166,6,15915 2028 2937 4166 37 7659 1869 292 281,0
681,28460 10486 176207,13,15026 21000 29217 9 11176 31 27 28460 15 426 59759 286 40 750 31,1
340,590 135 16254 6406,9,590 1154 28693 1001 11 7529 2767 135 49 3 616 992 27 2 230 266 16254 6406 11,0
495,21961 402 15674,5,21961 402 12583 2695 1594 3253 36 163336 11 350 15674 1346 37,1
363,4928 3316 44875 8001 449 12186 601,1,9595 20 11523 36 959 175 59 5069 323 3887 5 482 80 449 12186 44875 13746,0
229,7 10962 255 5171,1,67 4744 27 326 696 330 2079 330 32866 1802 3009 2762 10962 27 67 342,1
640,18094 28 15 18115,3,629 59 21 13 17941 39 1903 15 18115 27 4594 205 336 16516,0
270,2056 18944 458,3,116 18 117302 19 27 2232 15 1201 5839 27 382 97 294,0
501,900 134 41014,6,900 178 321 145 94 2260 359 27 900 134 91 5711 10176 27 154 29594 31 11,0
430,63 4203 5463,14,1075 2809 5463 138 4 52 4203 15 2809 5463 6065,0
397,1354 19135 133837 19785,1,1354 556 1970 88 1354 19135 133837 8880 19785 4444 88 12467 59 56941 6053,0
564,5791 14396,8,12296 995 1286 15 5791 1400 995 79783,1
71,21921 11152,1,353 74530 1104 600 3581 11152 26926 3709 38273 101 3 73 302 1324,0
630,20659 15664,6,41596 2473 341 22116 27 930 72 14 6392 40922 53240 27 286 188 14 41596 2524 31,0
533,577 15082 3147,7,329879 39341 122440 104258 15082 3147,0
650,112112 31 653 5155 42 917 1010 30,2,2699 112112 24848 27 5155 5004 1314 92254 27 3725 1010 58 214 13 18791,1
726,4130 10143 292 1760,10,4130 325 70200 5834 1760 18 46597 292 19,0
274,25256 21701 5812,5,25256 36 45663 147979 10732 1529 2174 32907 15 21701 238 118 5812,0
201,17546 4464 15 317,9,17546 4464 7024 317 65675 27 4440 9307 15642 1509 13 10072 13510,0
707,30329 104355,4,79 579 11726 1467 7330 1538 27 30329 104355 3171 25291 1390 6182 11714 24 3587 15647 23 9704 11,1
338,5084 956 10113 2859,4,60007 253 5 956 38 4676 27 10113 15 956 42 111 5084 25 13943 27 14 2048 228,0
650,112112 31 653 5155 42 917 1010 30,3,387 653 5155 16 648 3823 27 12669 1091 52 30 37 5352 18300 4707 9118,0
397,1354 19135 133837 19785,2,1354 15891 367 88 1354 19135 133837 35026 556 942,0
531,7211 151076 35094,3,47690 11318 15 437040,0
730,9513 3253 204,8,83 3253 256 18 106669 19 285 15654 7662 56 499 27 327 590 11,0
354,10936 19640 6429 12369,12,170 16490 171 7891 42690 166 10936 19640 18 6429 19 15 1499,0
454,328 1988 8714,13,7 29 8714 97 2435 42205 37978 27 67 4 191 1339 47 55 22 27 1809 342,0
86,38708 904 15 5776 118 53,2,2148 54 25993 51 406 15 8686 27 111829 5776 4639 904 27 6052 1029 40 5805 575,0
178,1180 867 68474,15,1294 659 11751 1180 7362 97 68474 96 14088 2699 44808 2320 11757,0
245,3377 1005 16141 7349 6775,2,6775 3377 1005 17634 16141 7349 322 35019,1
377,67776 8 1047,9,46400 483 67776 43 27 1388 19603 55 8 1047 37,0
329,315850 282 15 9363 507 100 61,3,171639 7996 71 315850 70 15 123 29 1534 1988 507 27 67 664 27 970 16 13618,0
372,2123 14865,4,445 879 14865 254612 462 27 134780 2338 4045 519 27 1820 28755 11,0
483,14472 7776 355 8 386,15,3914 98 115 7776 14472 27 5908 52 27 23700 103842 27 348 2149 143 9 903,0
506,3888 1534 571,1,43720 2841 1534 65863 785,0
378,18407 8057 3565 4461,2,54441 19916 2853 2063 78 319 98084 4210 2363 83 4461 27 605 3565 15 55004,0
535,924 23549 124297 844,8,124297 92380 17524 82 114 27 119 20335 844 27 5 31 828 40 38 1373 11,1
252,55409 10,20,55409 752 6 16741 136 5770 27 16373 228859 29 55985 27 55985 136 4635 37,0
17,397 19833,1,15594 27 47 628 825 9460 19833 28248 11,0
550,46290 57501,1,1922 84 50124 15 607 27 46290 5925 7352 27 13093 729 163 21405 37771,0
714,16905 91137,1,5008 91137 27 8 793 585 1418 387 3471 10762 37 86 36 16905 783 81108 37,0
294,19037 2763 84 5792 33675 28812,7,19037 2763 705 13263 1533 5302 28812 68812 672 1616 23108 941 724 1019 91 2070 15 3841 14824,0
248,19567 52005 8 1720,1,8530 136 6168 235 27 351 414 3417 27 7020 38 1950 27 19567 38 1196 27 1762 4166 52005 11,0
719,34181 15 1748 467,12,13899 15 65269 36 49337 16 31296 37 43242 35 34181 2683 142 15 3892 37,0
640,18094 28 15 18115,7,182 115 3121 145 89845 12270 227 18115 37,1
141,20438 15488 8463 28110,3,3094 8463 15488 625 8463 28110 27 3108 49 3658 27 3795 3108 6029 27 36733 327 21939,0
125,7808 5182 7499,3,62 9432 7808 36 5182 372 7499 2180 27 32 345 4815 1039 63 950 14832,1
115,329 1945 206 5330,2,329 5330 14 206 1945,0
623,193 2664 1981,13,48308 27 8683 1818 2891 66040 282 27 66040 282 1147 282 144 44931 27 80834 80576 82517 902,0
531,7211 151076 35094,5,577 32200 159 417 456 109652 57497 526,1
414,46 1422 1 308509 1355 6797 64037 812,3,64037 13057 110161 40 2434 11 209 3966 812 55 2189 87 87 31122 27 130 1670 11,1
706,29567 17770,3,17770 46347 7347 27 72 5266 1466 6 12607 6194 7268,1
704,6068 37517 240 10,8,85 10873 9 277 31 27 2206 4292 37517 115 6068 28230 1074 5561 27 45 240 31 11,0
628,51796 4334 12756 41522,10,51796 4334 5664 41522,1
264,6933 1764,13,3440 6933 1817 70649 27 3245 512 144 27324 5012 453 27 93 739 2025 112 7779,0
350,5710 406 1049 795 671 15695 2666 25153,3,343 6896 14 1112 27 209 13357 16 29 323 24 5710 406 1049 23 15 6282 27 445 45 3518,0
302,2032 37723 16589 1013 37723,2,3513 556 36 108440 2032 37723 151 1013 37723 27 164 114 627 31 11,0
268,5646 1012 6724,12,128504 36 1250 99 5646 1012 15 2481 3994 31 11,0
480,12666 1249,4,1387 9 659 12666 1249,0
338,5084 956 10113 2859,6,5084 1682 8764 8193 20325 37 10113 2715 291 81 956 27 20254 150384 1412 108 27655,0
355,96211 2804 498,20,96211 819 36 25879 9879 379 819,0
51,12933 366 33485 105386,1,12933 366 33485 7717 27 153 13 65 198 27 328 1032 22 25 114,1
286,2804 136 15 8091 8472,12,2804 136 15 8091 4011 27 976 18079 11,0
564,5791 14396,4,2572 49775 27 995 1286 13 866 27 258 3576 15 5791 1000 11,0
410,1923 69248 39 836,6,7953 1 836 2285 69248 24755 537 323 56 5901 219 27 6602 5461 27 2488 2049,0
44,40965 1526,2,68700 337 40965 25526 337 106881 863 337 65004 863 15 34039 24 30669 23,0
176,39168 15104 12227,6,39168 454255 12227 15251 14025,0
706,29567 17770,9,1738 5511 11 2305 6405 6492 17770 78 78 24 570542 23 36 1694 15 5067 27 183 1704 11,0
483,14472 7776 355 8 386,10,14472 2247 24 49 118 550 23 27 1840 4928 241 27 3226 13214 148958 11,0
277,396 240 10 279 22339 7068 439 240 10 204 5571 204 7508,7,396 36 4809 240 1622 13289 11 86 36 21010 11,0
357,33058 2070 663 50850,1,33058 2070 663 36 17520 5386 521 13555 1487 3195 15544 1299,0
563,64839 1372 61,12,18940 36 2981 5436 9471 1569 1591 27 75624 36 109 32 64839 1372 31 11,0
419,2145 2798 178 26 780,4,2145 2798 217902 152 33644 375 5260 27 549 2145 16761 6400 26813 28 3387,0
706,29567 17770,4,17770 147 184 7253 47950 47950 39 17770 15 3216 166 202 40 2071,0
12,30452 63414 48 50793,2,1145 59242 11 78957 3203 50793 2186 76 94067 620,0
60,165282 601,8,62 15395 18 113162 19 11 7104 35328 10947 27183 37 2101 2248 1861 11,0
140,449 13 586 265 3686 31 409,5,160 39 46 3686 27 1743 12846 13 586 27 412 1360 12 26751 8774,0
462,14248 32742,7,14248 55430 35160 1913 7101 27 857 20346 38 860 982 2026 807 96453 239 37,0
177,57026 1232 22727 10,3,22727 16751 5534 57026 11 14744 508 4329 27 2608 1037 4820 90252 1357,0
639,245 1023 197 89,2,3722 119 1023 197 62 1201 30 37 306 1135 306 106 32,0
478,2224 15 660 130 191 6893 102 803 295,3,295 2224 15 660 130 191 11 458 126 1790 803 214 167 27 175 25 79 328 11,1
494,2435 573 1071,1,3722 573 159 675 15 3779 2435 30 37 44 9457 11,0
332,17891 149678,1,4791 1087 149678 1200 94 51 1303 4791 50 3816 37,0
147,84 9242 3185 16 353 1443 30,9,353 12304 31 11 20 4307 3185 1676 1443 421 1678,0
464,7103 96 596,5,2212 359 11 76 66 187 27 7103 89 596 27 853 1566 433 31 151 1619 31 37,0
141,20438 15488 8463 28110,8,2048 171241 28110 43 27 331 1624 220 20438 15488 27 7936 2683 1695 36995,1
550,46290 57501,5,17 158 1181 14255 36 52 1181 2143 12587 61439 4188 27 70756 46290 57501 239,0
439,5884 75552 284996,3,112 75552 40 13 50 908 37 119 2106 16 75552 30 37,1
244,3377 2324 295,3,38383 3600 295 1291 18 259 3377 19 33161 73215,0
686,5647 13 29689 7925 13 187 2250,5,57322 7522 1095 61222 15 4124 458 18 5647 13 29689 7925 13 187 19 2833 22536 8752 27 5588 3817 11,1
457,11059 16676 12773 2707 90662,9,13905 3702 3893 18 12831 19 55790 6119 6571 27 11059 16676 12773 90662 15 604 14264 27 1292,1
450,7629 153330 4262 7579 15 212 9928,1,2466 7629 36 1816 44 11 212 18 9928 19,0
278,396 240 10 40971,3,839 396 240 10 286 12 22791 4571 104 9315 566 65 34 1862 11,0
36,136819 12477,13,57032 58 10995 15 1269 15198 11 60 14426 105571 199989 127656,0
717,223224 5217 10672 523738 461,2,39710 27 82 268 10672 14420 27 5289 39710 96 53 3431 4 461,0
193,8481 4590 8643 15 53,2,5087 8481 4590 8643 300 1520 2524 265 109 957,0
503,900 7352,9,59701 15 9403 36 900 14 1866 7352,0
526,14281 182 1384,1,1229 14281 2052 15 69,0
147,84 9242 3185 16 353 1443 30,19,3351 84 15 56 12277 1443 27 644 16 56 353 37 29942 3044 73 34 11,0
73,591185 12043,2,94 22354 83 780214 12043 27 1753 522 567,1
604,923 735,8,110 917 92 588 923 735 214 566 52 37,0
31,29429 125 15 489,13,29429 125 27 489 1859 1974 38283 15151 84842 11,1
218,17169 592357 8 54,1,17169 24 592357 23 36 7502 31512 15 6126 205 7770,0
490,10259 1075 10,3,1076 10259 69145,0
564,5791 14396,12,5791 128559 27 10188 1247 27 38 14284 38 26350 27 107 1203 40 643 27 1506 5 864,0
557,425 5383 7467,1,425 953 5383 5786 7467 9244 27 16219 36 629 55 1360 12 671,0
608,17 58 1188 106 155 26 31 1169 31,1,7687 20159 27 311 412 38224 18592 84 5030 49381 18 1188 17 58 106 155 26 31 1169 31 19,0
17,397 19833,4,600 552 9023 11639 19833 9460 720 71 259103 9460 2074 70,1
292,149339 129748 48 1610 751 60 6597 5482,4,60 6597 2283 1705 423 6597 16336 5482 237 1441,0
591,1135 1680 90174 16 102 278,1,858 108 1680 2598 16 22 102 278 183 13085 11291 11,1
614,5091 3799,2,24337 5091 3799 27 29973 15 53 146 1811 27 269 15507 31,0
415,46 15 25276 33 4644,3,288 15 104707 1162 1158 27 790 644 16 14 19053,1
192,69866 973,3,425 59 77 1027 15 4059 62 1221 36 22 289 522 69866 27 17 289 387 99469,0
64,156907 88992 601,5,959 49 243 458 4 277 31 27 18 156907 88992 19 19775 2923 27 1145 258 7839,0
678,891 740 59 7945,9,891 1625 6324 2172 842 2852 1768 65 3286 740 22951,0
248,19567 52005 8 1720,8,19567 1359 35 16112 35 2365 35 2028 487 16 181349 52005 54 9825 1562 1472 554 17876,1
505,23545 4768,2,200 6086 64 417 27 29234 23545 131 15 1189 3820 3528,0
483,14472 7776 355 8 386,9,14472 7776 8 386 37 894 13569 27 2 22 15 14472 366 5313 59267 11,0
400,1372 289 61351,2,28 33 5753 59 876 803 27 390 115690 10085 53869,0
103,26 9578 402 2992 1594,4,9052 9578 402 9893 4381 1594 3253 1817 8098 80773 54 955 11271 1611 10347 489 11,0
156,20 5280 66,10,20 5280 3363 102661 2706 11305 11 48937 20433 1715 91 66 3 8656 3186 27 8238 11921 15 4803 6746 5280 31 37,0
84,60209 7390,17,4411 36 8069 7390 117 3268 5389 27 15635 1859 1517 13367 11 86 36 16217 34 2739 37,1
114,137822 32708 134,1,137822 32708 36 18 3815 29667 15 3754 19,0
320,34015 6500,5,6780 6480 273 902 6939 15 13116 39 34015,0
244,3377 2324 295,4,23953 3357 134 3600 18 44828 19 27 176 388 8155 27 2714 11,0
118,32688 14 120792 200 21912 6360 79 15 537 742,3,133591 14026 120792 102 21912 2097 1526 7 15 5200 25810 31 1438,0
295,1268 868 58438 11168,15,1268 868 282 423 11168,0
77,10984 1395 22986 258 50 652,13,2459 10984 1395 22986 345 17023 652 8 1047 37,0
506,3888 1534 571,14,3888 1534 25264 342 27 3258 97389 1534 902 571 78 78 14415,0
696,320 10488 10 252,15,417 320 10488,0
351,1255 183 56956,3,183 143 27 3985 1158 4069 1255 24125 12 150 833 6246 27 1255 306 4284 306 13 56956,1
250,2509 490 535737 32025 144185 22712 158679 120339 33922 245 1954 7992,2,18534 22712 158679 120339 54069 64973,0
467,121279 44129,15,13339 33 27644 8853 14621 2138 44129 11 3458 403 121279 15 3757 1940 34 24659,1
90,77894 14653 12223 5939,2,32728 71456 10047 477 143 78 78 3052 3221 50364 1739 3014 15 784 11911,1
625,4932 8400 15 5973 467,2,8400 16 8135 37 901 27 44 58 13 4456 6413 15 855 27 858 39 1248 5973 26987,0
423,126 15 2474 92488,5,397 21 277 15 290 1221 2474 966 27 976 515 27 859 40 4333,0
26,76 99361,3,99361 1777 56 3540 1154 15 18778 27 256 99361 14 8876 54505,1
156,20 5280 66,1,20 5280 2533 96 3717 36 1576 80 8488 3966 2796 337 66 2306 352 9442,0
511,66769 11346 17027,5,130 9 414 11346 17027 15 31552 37 4345 487 130 268 33 14593,0
442,13918 34227 342,4,439 36 13918 8 256 37 6851 187 34227 535 14739 5091 27 23262 40 34477,0
154,20 33 1301 972 606,3,417 21 1530 606 3511 27 141 381 606 40 858 972 27 20 16 8 1675 15,0
31,29429 125 15 489,5,17595 248 1722 36 104288 1046 1348 1341 489 27 29429 125 5389 118 483,0
193,8481 4590 8643 15 53,5,8643 114740 27 6178 15 1589 27 42 1355 92 864 5 27 542 1796,0
403,22932 7951,8,21949 17290 2874 154 4402 1228 22932 1770 3643 154,0
482,1387 61527,7,29554 1387 1168 61527 304 373 71 1104 233 70,1
371,3310,4,76 21 138 15 101 893 2645 74 685 27 68 893 6691 4533 27 101 6738 3896 38 9140,0
560,91961 973,14,5422 25 422 948 27 73977 2358 27 91961 27 45523 15327 11501,0
406,22176 4636,1,974 22176 36 1686 1808 28372 14887 4293 271 10992 7266 75 570 2214,0
632,1332 5679 5060 5060,3,1332 5679 5060 27 2158 12014 64757 27 84 1819 31,0
682,3429 3597 122 2409,12,3429 41082 19766 3597 122 2409 16026 1830 3429 41082 19766 16026 1984 33485,1
209,9050 361 15 87114 13 1076,3,54 2685 516 361 15 87114 27 42 981 3736 31 376 37 747 14374 2164 566 52,1
623,193 2664 1981,2,902 3821 2730 1818 148,0
345,43 60296 9195 26 64 3576 25 910 30146,2,211 26 64 3576 27 44195 25 55 24 16624 23 27 2641 39 12 648 291 2568,0
506,3888 1534 571,9,3888 48808 3192 8160 571 18 39756 19,0
67,1124 2118 28 13855,14,28 176 13855 116 528 18 59962 19,0
253,60611 114953,8,45 13 7624 15 1025 61 27 22 20466 365 15 186 37,1
721,1428 21079 1959 12507,4,1428 21079 1959 12507 1200,1
506,3888 1534 571,7,379 1534 571 382 337 7607,0
106,671 5 95 9637,19,1372 3618 5 2642 55 1386 30 37 9161 253 5 56 27 235 15 23625 644 113 6,0
512,91702 13 29 93 18738,2,28880 13 29 93 43447 16 12491 30 37 355 409 37,0
515,506 26 56536,4,8663 11 506 20549 1066 101 34 883 11 4370 14664 36345 26 56536 8371 11,0
259,74 11264,4,74 11264 54 18495 50686 23327 27 229 5 4608 32837 27 7307 2171 1615 38 1438,0
616,11664 4779,19,86 36 452 82 31025 27 11664 28170 42758 27 4779 42 34370 12551 27 5809 19737,0
17,397 19833,3,600 19833 726 8 8169 37 63 8313 11084 37,0
153,20 8883 2241 44732,3,20 8584 44732 320 15 11930 10128 2709 27 9943 107116 27 4214 19822 4686 2693,0
710,7227 383,4,840 1610 527 127 11803 849 62729 7227 11730 1729 15 20668 63 38996 37 564 18 840 1610 64240 71 383 70 19 4415 48 7563,0
664,21416 9105,6,60 127 9105 3093 817 2385 322 1933 27 3975 31,0
658,5558 9278 2131 49 60450 1154,7,94668 88 80867 58562,0
28,76 2789 8234 27371,8,2264 11 4669 27 17258 27 8234 27371 11 600 2789 81 50342 11,0
203,88802 15 966,3,2308 1548 15 565 966 27 88802 27 7 29 41635,0
48,5641 16 13547 30,3,913 2714 58 913 243 9242 36 2842 5641 128 15039 128 7836 17446 27 111268 180 27 38 1821 1633 37,0
463,44236 103966,6,5224 5134 25826 1018 8914 15 397 71 1602 70 270 677 1018 36 15471 551 591 3798 15446 842 420 78 78 13592 6747 551 591 2472 3991 372 36108 735,0
500,900 134 15836 1843 944,1,11819 18059 1843 10072 37 5610 1612 85 975 27 2 22 15 820 198 1171 8637,0
107,37186 1452,1,37186 8051 153 13 1251 9399 27 8265 1452 292,0
564,5791 14396,11,5791 844 36 28 5 14396 5782 161 643 31,0
603,36073 15 1004,2,305052 38028 10803 51219 27 320 21 36073 15 1004 11,0
387,838 324 196 2777 1509,18,838 49 133 324 4845 36 14492 128 16359 128 14492 27 303 1914 1871 7105 11,0
664,21416 9105,1,9105 463 36 63662 156 243 413 27 1785 1889 11039 27 12525 2220 257817,0
483,14472 7776 355 8 386,14,292 56 3576 24 7776 14472 23 15 93 143 27 366 5313 35 38 7490 11,0
519,1610 9 127,11,840 1610 127 11803 849 62729 7227 78 78 22 786 30 37,1
430,63 4203 5463,15,1075 5463 388 17015 3990 13105 71 11370 70 1075 10,0
176,39168 15104 12227,10,12 1253 14025 12227 16 39168 30 27 1042 77 422 219 11,0
403,22932 7951,16,7951 34313 44765 27 64 22932 158 548 993 131 11,0
434,37675 1238 280,4,37675 27 28956 2807 1835 248336 1531 1238 280 27 17 2055 2560 894 58512 75 570 63204,0
119,1344 83 8 23736,12,319 83 51 118 6241 23736 727 27 114 49 118 767 15 205 83 2173,0
490,10259 1075 10,2,344 16000 47 22 63 1075 10259,0
390,653 224 19216,2,610 3493 2669 3100 224 19477 1749,0
379,15501 44 102 22,1,107735 33186 36 175 15 44 102 22 15 254 6025 186 37,0
21,60 3036 16445,5,1497 233 11 76 884 16445 220 3036 188 11947,1
346,7065 5656 112,5,587 115 7065 1799 493 27 587 546 2786 27 7065 3315 7799 112 27 234 130 2071,0
268,5646 1012 6724,2,488 5646 1012 1250 3758 3063 3039 3333 15855 39803 169,1
314,14139 182 33328,2,63 9749 1558 1220 15303 33328 15 14139 27 393 250,0
236,63537 475 15 99 3903 5697,1,28 5697 27 63537 423 8974 15 1047 27 554 45 475 26647 31 11 2083 109 87 87,1
573,8 682 19869 8365,1,69 7059 27 2576 27837 11 1500 8365 366 1269 15 2390 69 27 2 22 74743,1
210,1554 15 404 8 1021 10,2,10913 826 47 22 14169 81 3020 27 492 1554 15 69 22 175 30 37,1
275,26112 60379,9,252 60379 26112 88 17605 102736,0
297,11879 3501 18803 8 52017,1,2683 345 68258 2683 2591 5232 27 780 3501 43972 8 113 505 328 37,1
240,303 1521 3201,1,723 89 359 15 24 84 165 11429 3201 23 27 22 13 50 106 92 15 37,0
661,4796 9039 1516 1091,16,1516 4796 5375 9039 63 2040 9039 6295 37,0
295,1268 868 58438 11168,3,76 27 1268 868 142 21 4157 27 1911 29 187 21 462,0
420,8636 171422 2429,2,560 8636 5387 749 5990 316 3711 27 83447 25 14 193 18892 27 193 31 2471 8632 11,0
313,9637 33 601 1273 2020,3,601 89 1928 18 9637 19 13 95 34 14 6579 31 37,0
719,34181 15 1748 467,1,9823 1684 12287 1197 27 269 14 34181 54 47226 14745 15 30 37 88344 16 182 15 37,0
681,28460 10486 176207,14,28460 297 10486 1370 27 553 83635 80830 2481 36 6119 93 5118 22 58 13 189 37,0
143,13342 3815 2370,1,13342 14020 35 3815 2370 207 842 420 27 271 421 3614 43521 4180,1
189,33590 5258,5,2027 16 1132 2718 27 92572 33590 85 509 45 240 27 807 7168 12592,1
98,139 33313 2898 1019 663 1294 397 2233 3656 2209 39 3656 712 12207 55 140 9156 12 833 1236 16317 33677 29966 16317 196346 100777 228066 16317 43 689 35068 3447 35942,2,33313 2898 1019 663 397 99368 2311 2894 1294,0
372,2123 14865,2,2123 644 13 113 65 1941 79 2123 6928 32 29 676,1
188,17154 844 236 967 12136,2,3576 21 258 5 15 4724 27 12136 280130 967 15 53 27 12004 866 14215,0
543,1108 41720 20763 10 55 323 34,10,173 115 10560 75405 6301 27 10560 11453 27 3343 34 130 55 256 219 11,0
596,4252 38834 15,1,24864 12601 36 113 3394 27 74996 22 2740 142 27 644 42 20560 27 4252 38834 15,0
194,8696 22993,7,6512 14220 5 50 21 2036 37 12 1076 1195 26982 35 1147 72380 42 8345 42608 36865,0
385,6 22252 1310 63 916 103301,1,63 75 20124 22252 366 14770 3747 37 47 22 825 93 143 27 66 352 1247,0
638,301765 3217,6,22920 1799 151 38 1799 73 29 2346 292,1
426,63 3466 282 56586 9914,1,23824 15 15623 33102 1694 43634 37 236 25271 66 877 27 93 33102 822 858 79 11,0
160,705 871 64 597 2885 2200,2,597 6016 2557 35 2885 6133 164108 64 2885 93020 2200 4114,0
97,139 1753 11 506 12 1576 1526 653 5199 60 20 314 653 27 367 3912,3,76 20 314 653 367 359 11 506 119 653 640 11429 27 1365 488 87 87,0
359,3317 3524 452,3,579 3524 452 4123 128 27 27970 50651 27 42 161 22332 19757,1
548,119685 48 31570 105,3,31570 38 2051 105 36 292 56 1280 15 31570,0
60,165282 601,3,8534 10924 166 7104 15 458 5292 15 27 18 165282 19 157 113 126 30 37,0
52,8055 23666,3,561 8691 2936 27 7793 7496 11211 5568 27 76 23666 75 1601 6441 2936,1
502,900 115008 590 13840,6,900 115008 2567 36 101 3 178 7060 39 4030 2 34 3448 27 28406 36143 398 6908 590 37,0
101,139 12 2854 4634 18284 2 9234 3265 221 1336 960 37487 11 26634 11 140 21841 298,2,492 1562 109 3466 11244 37 11 2052 5748 1176 68316 11,0
463,44236 103966,8,396773 2966 25826 677 1968 3187 2498 505091 2966 677 32509 2498 71 148 337 2085 70,0
574,8 50863 4 198 4 927,7,50863 3423 8039 1939 803 15 52 27 3412 1851 12866 619 11 927 4 28906 11,0
676,12266 267 361 8252 124 277,2,12266 267 796 7529 2233 27 17650 346 361 290 391 124 277 27 2477 567 2202 2853 229 31 282,1
533,577 15082 3147,1,15082 3147 36 1417 1371 2116 227 2976 741 24543 27 8242 7182 2216 751 1464,0
600,106 32 15 28,5,3923 106 32 28 15 602 28 10674,0
495,21961 402 15674,4,21961 402 12583 15674 10280 36 8236 1670 1045 2909 5030 11 771 6971 7143 472,1
717,223224 5217 10672 523738 461,4,1620 5 10672 41 461 37 351 7 36648 36 1346 20736 27 560 73 1 27 42 860 123 519,1
75,85251 743 77 126 1044,11,77 126 15 238 243 20 1044,0
150,83210 122 3543 238803,2,83210 36 512393 1232 3272 25715 3543 238803 10338 27 508 5041 1272,0
324,4481 3764 122 37488 5650 170 49235 131 171,2,192 270 14807 5650 476 595 37488 5650 154 331 42 113 29605 37,0
21,60 3036 16445,2,233 52 11 76 884 16445 220 27 3036 188 11947,0
522,11260 178 2324 135 189,13,325 15 317 71082 27 11260 178 2324 5782 107 503 1313 65 27 7936 16 46204 31 11,0
371,3310,19,49 893 1434 972 15 2645 685 27 33 74 1100 8138 27 3310 233 31 901 1999,0
271,4866 10774 252 260,1,649 67583 133 270 24 6063 1149 23 4866 35 252 4526 260,0
193,8481 4590 8643 15 53,1,8481 8643 4590,0
18,600 8240 551 188 415699,11,170 551 591 171 577 512 397 551 591 16586 36 1643 2793 863 74350 29 27 3333 655 578 865 1097 231245 1094 11,0
723,196054,15,89252 27 196054 581 509 36 1544 686 27 3917 19985 27 5041 1272,0
252,55409 10,8,19387 11978 972 29 38460 1212 27 55409 3270 13009 27 631 4673 11,0
517,1233 3134 6754 212 498,5,3134 6754 1233 8799 3335 687 34 3812 212 18 14154 15 834 19,0
332,17891 149678,3,7564 47 22 1087 149678 55 30 37 2493 199 12986 14 978 6475 5812 27 311 627 2204 816 11,1
1335,259 130113 8060,2,130113 10037 78 78 131327 15 95846,0
791,2343 108156 141956 13857 14038,6,7744 36 166 12 243 18 41870 15 10270 19 27 2015 2 22 79723 27 42829,1
836,33598 23104 17973,6,25226 33598 23104 2325 30062 37 1856 59436,0
1482,3374 831 26672,3,8663 11 8401 3374 11 2326 26672 4066 3616 11,0
1107,2601 140780,6,13445 15 140780 27 14 2217 2258 13424 15 24 5945 23 27 235 13 50 1735 9299,0
963,2730 53204 342,9,57 5 3427 109 1315 17022 1 27 216 42 2730 53204 432 3059,0
1168,1626 15873 436,2,17239 15 167 82 16 167 27 412 628 436 15873,0
1185,7510 15969,7,15969 548 489 13114 5763 137287 27 1603 5994 7510 12662 27 1579 45 54568 31,0
1396,1093 15252,1,8145 15252 27 248 16 3148 5418 2160 27 705 3608 1093 27 2516 6233 1053,0
1331,67906 39 395273 2382,7,395273 26083 25550 466 27 50792 10311 555 27 58951 395273 48 67906,0
1200,10237 60317,3,10237 546 7271 18 60317 19 199 27 1684 2256 6321 864 3943 11 30540 6844 36 562 81 262,1
1496,303 9036 36863,1,303 9036 1906 33 5929 1294 27 76 10621 299 482 3505 3484 11,1
796,22888 5361,3,4301 1418 1936 36 61789 8397 27 22888 5361 2392,0
1094,874 8 850 30771,4,874 36 236 1901 850 69 342 27 3722 1209 15 30771 30 37,1
862,28404 8 1160,17,1384 28404 199 27 2369 6566 31477 27 6168 235 27 28837 24966 927 111 88937 11,1
1425,13300 215 2386,1,13300 215 2386 15 111840 5365 11,0
1287,22802 131242 47090,5,308 8219 20555 10491 141288 102989 1740 438 388,0
1466,23161 23161 116,1,79294 36 49 650 23161 174 557 5585 27 319926 313 23161 23361 704 3072 3826,0
998,104 14201 774,2,9126 53004 27 1322 428 2227 5726,0
1027,22424 670456,1,22424 30126,0
1241,600 5384 1007,3,600 5384 1007 12 3885 947 9507 724 50 1114 6105,0
1139,69516 33 50 1984,1,723 69516 13858 2051 15 51 29 17359,0
1300,32437 7704 158816,4,4181 7449 268 1157 15 47649 11 18 35604 2501 35391 19 5987 176 11,0
1127,5210 6507 1296 3802 26162,16,5210 6507 8634 3802 1296 22743 27 14 3802 1525 24 1313 27462 1519 23 27 4397,0
908,1169 1601 93286 22432 344 5267 975 16660 181657,1,3558 256 1765 270 53171 5267 975 47706 672 229168 2919 88 24240 28292 16660,0
1152,22977 7381 29658,1,75573 169512 7381 171992 5168 26 718 15416 187370 5686 883,0
951,3372 7914,4,3372 15 7914 7184 104292 15 84203,0
1390,26557 5134,1,5224 26557 24 5134 23 270 1592 17129 220 11 22 6483 15 40 952 281,1
800,69295 606 2899 201 3874,1,69295 606 11190 6878 1498 1479 13873 935 3 2412 46506,0
1029,7151 42947 15657 1783,3,677 42947 1294 397 2233 6583 10416 15657 60999 299 1906,1
1385,8416 1271 884,7,189 27 1919 96 12980 15 30470 21645 421 7715 11,0
1272,3581 43971,4,2673 86 32 1957 43971 3581 28562 2732 36 1735 27 20 8 113 198 37,1
975,28 10505 873 15 535,17,221 143 36 224 3000 15 73 29 93 1642 27 174 13129 5554 873 15 93 878,0
1492,24145 60 1016,1,60 432 1016 19876 1314 94 11 75276 616 3 16442 3 301 27 3186 54 616 3 196222 3 711,0
763,38301 7399,3,459 24 345 226819 23 386 4538 1584 27 5445 70609 1235 3457 80 11,1
862,28404 8 1160,2,28404 296 1160 202 5 31 27 957 81 7 27 2280 5805 64 4664 27 13 235 65 5 29116,0
1494,23008 606 2192 3874,1,32816 606 2899 5452 3874 23415 100 27 103 13 853 30 37,0
882,54 1668 7596 15 15395 204,3,875 14 5064 159 18645 15 1668 458 27 286 26 243 14 7596 159 31 6585 353 15 5939,1
959,3171 14567 17983 8552 8 108 8552,1,47 22 3851 36 712 14567 15 3204 8552 727 3361 146 258 104 37,1
1188,2669 29139,19,974 2669 78131 521 3932 29139 6499 19436 36 5723 466 25 334,0
1004,704 394 12042,4,7879 553 2429 13385 27 683 411 9738 704 394,0
1033,7372 15 237,9,7372 11578 31 409 37 13 348 93 878 79 856,0
1447,189 19979 95,13,19979 17326 46487 8926 716 28307 116479 2801 27 3197 207387 291 1208 55 6644 30 37,0
1051,21625 21811 37681 96356 6125 182,2,33 21625 20668 37681 15 6759 84 27 91 353 2404 15 158267 2338 103695 428,0
869,2038 14165 388 10,5,439 36 3272 15 14165 388 27 6629 3362 302 27 19408 13 27154 17 58 816 802,0
866,721 26864 125 15 11942 770,8,770 236 28064 36 17 92 85 2241 6818 107 148164 475 726 3725 4159 162 37,0
1168,1626 15873 436,4,4254 436 27 803 214 5905 11 132 1626 15873 5597 2301 785,1
1288,76910 9295 1351,10,1361 4477 2392 27 4575 9295 33742 64 516 499,1
1172,5245 12034,2,1135 12034 10219 11004 27 63 5245 21747 27 65 5 14792 12223 10781 37,0
1048,14 223 9538,1,223 134 125 183 25480 27 232 14 9538 11640 775 27 25853 41949 1615 1213 31 2575,0
1409,1180 1288 56 445,4,3243 10994 27 209 1180 18176 16 445,0
976,28 14 32397 31,8,28 1416 14 1119 43 1805 27 14 51 29 34 2504 8965 134 882 27 86 36 1770 1638,0
1174,6233 20440 20852,1,2819 6233 20440 27 11829 1545 527 251 27 36380 5920 22660 1430,1
1342,38 7 26796 54637 6804 12912,1,1728 270 4380 31 162 27 6804 12912 6364 27 747 22 1238 580 492 69 11,0
1048,14 223 9538,10,6090 1820 16 223 68 1100 27 22 55 9538 44 30 37 248 1084 16 19905 27 2818 31 452 151 49 43623,0
1342,38 7 26796 54637 6804 12912,8,6804 5217 2984 27 258 462 8652 155 767 6433 38 12912 15 267 27 3449 13 342,0
989,15429 21136,5,15429 5125 15 21136 623 50451 82306 52 27 151 623 60046 52,0
1237,397 114199 9191 196,2,600 24 27463 114199 23 9191 196 622,0
1445,1519 6281 517,5,671 84 1519 6281 517 37 63 1345 52 6281 719 27 3663 941 1340 49 291,0
1189,1189 59 8 7908,2,756 897 33 24437 136 71 33 8259 7908 70 7908 56 897 27 1379 2875 1189 55 1418 132362 30 37,1
1056,10 18101 20180,1,474 178 283 2732 946 1136 11 18101 156 1928 18 20180 19 59 3732 11 2265 3703 515 11,0
1035,31230 16380 5767 68318 7007,2,31230 36 105666 278 3515 695 334,0
1315,88950 10,9,11277 93 143 78 143539 15187 477,0
1304,390391 72906 1186,2,149698 2233 304 2832 1186 13286 12290 137735 14850 3360 3455,1
763,38301 7399,5,2414 36 41005 44639 93 143,0
1260,90905 3879 3356 711 19873 19834,8,170 66 3 711 171 3558 36599 270 103 189 1463 24734 15 544 13 201,0
889,160 98 19356 10,4,160 64 4507 98 19356 27 14 34 1398 4481,1
1369,20 10618 69967,8,20 10618 69967 137 15 10134,0
990,31637 944 13 50 2752,2,674 483 12 49 6 4624 2752 27 65 16 2621 944 27 179 105547,0
1323,26 48577,1,22779 222 18 48577 19 27 44610 166 44 2932 19883,1
1389,40649 212914 13 606 9285 30,3,533 262 27 522 6 108086,0
1373,20 3551 407,19,119 24 338 23 27 3551 407 33 76 55 117 1452 241 30 37,0
1194,123444 1089,1,3114 123444 2694 943 3325 37 84 17182 81 213,0
1075,486 110151 10,2,486 456 15 465 21675 27 340 7201 4643 33 4342 10073 15 37,1
948,175931 771 3159,6,22440 2771 1408 6388 3159 15899 15 175931,0
1018,794 21376 5393,6,1432 545 28703 319 37688 103071 27 3525 1255 2528 794 83,0
745,11837 6146 16 336,2,11837 748 1663 15787 27 2224 2331 26510 1962 27 101153 23426 124 45929,1
1296,85251 28 100,3,5375 855 15 116 18 45175 19 272 166 67218 26778 15 157 9869 11045,0
1166,308 58172 1393,2,1868 4260 804 9969 880 6 32611 59473 27 492 308 197 18252,0
1418,549 38332 1447,9,8046 77333 6147 2865 35 617 38332 1276 1609 55772 662 705 3608 2741 5868 18 3085 24851 19 109192 4631,0
1173,43558 25593 5588,7,9808 10557 43558 25593 27 409,0
1128,27600 8704,2,225 835 27600 10545 1049 27 438 25301 17046,1
782,2821 60838 49761 1831,4,2821 36 60838 49761 188753,0
975,28 10505 873 15 535,13,28 5464 1253 3956 196 81260 7348 27 535 59102 121890 683 3922 873 27 8934 27 2940 11,0
1315,88950 10,8,11277 143 36 83775 15187 377 2051 3668 11,0
1130,18757 24614 6557 1374 742,3,874 36 170 18757 24614 171 261 8859 742 1780 2439 19402 13186 31971,1
952,9666 2348 7880,5,2348 18 9666 19 337 18 24032 19 37075 2232,0
1093,874 3728 119171 204,8,874 36 2168 6711 3728 909 25 114 16 29 887 7079 27 50585 316 2746,1
856,15571 47627,2,47627 2723 20255 18326 1326 4372 15571,0
1444,50 6673 10147 554 314,5,67 4744 27 47 22 326 696 10147 6673 27 554 107 98 15 1313 52 27 198 103 11,0
824,130913 47422,5,54309 784 270 677 7785 1562 17044 1276 6119 79250 2942 117 3564 130913 13768 47422 73370 10732 299,0
1053,319544 10510,1,289934 397 5403 3771 30026,0
735,30306 41314 233314 6798,3,65101 3030 3798 16920 11385 41314 22788 207 30048 266 655 1097 170 261 86124 133 171,1
1017,794 83 1662 1316 52 30,8,47 22 2127 3289 27 794 83 1316 1773 1662 27 2 83 10766 38 6683,0
1426,269354 3236 2870,3,79 867 634 757 5 6860 97808 27 221454 15 21 10670 27 311 101 80 3417 12355 262,0
967,707 78152,1,16 707 78152 219 11 42162 158 295990 2562 273 15 39754 1750 219 11,0
1055,9 241 14503 15 196 37 151 1995 1447 27 108 2335 230 16729 9433 180 3165 2 17,3,26067 298 20 14190 5302 13568 15 4653 27 75 16729 15 5601 694 2025 27 392 68980 27 22 8 32 37,0
1491,1090 57765 892,14,5235 18 17 14479 19 30811 18 1090 57765 19 27 274 640 31 95 34 15 2964,0
1249,60 127 34064 2819 7720,4,936 27 41916 11 60 127 7720 34064 41 18516 30 37,0
1253,60 488 1906,11,488 21354 17868 5302 1906 76 66 187 28037 1294,0
939,20048 8142,4,20048 2262 502 30613 9280 35 2477 41 2196 1545 27 301 29291 14486 2114 1420 53928,0
1231,3356 1576 325 24342,1,325 76 3356 21925 180 280 3474 13970 27255 6879 2509 947 334,1
1331,67906 39 395273 2382,8,67906 1715 395273 3098 713 62001 15 21071 395273 2916 57 906 41869,0
1496,303 9036 36863,4,941 24 6428 2940 640 1487 23 1355 47882 6747 24 1688 10621 23 953 21384 11110 735 78 78 6 14803 30728 11751 6428 705 15483 299 1906 39 303 9036 1906 20500 7366,0
1423,2497 7459,1,967 52 2578 82 52 2497 9159 11425 3472 7459 245,1
1460,1854 394 16160 3784,11,27174 15890 16160 3784 1292 1197 448 27 930 1854 394 1588 27 27174 5461 11,0
1088,25274 9162 1099 7994,6,25274 9162 21 1349 1099 27 1287 2680 8531 27 226 2680 572,1
922,159997 30412 2279 550 1283,4,3216 403 48741 160658 27 7555 412 5410 1 15 98217 6367 222 159997 18 30412 2279 550 19,1
796,22888 5361,5,62 782 44819 219594 4061 27 327 9101 4046 22888 3412 11,0
1153,26143 7792 61,2,2248 9376 15 63785 27 9194 195898 27 3695 22 3474 561 25510 11,0
1136,8313 7245 3978,2,5245 4025 9090 7245 3978 15 69,0
885,197 3794 61,2,197 136 15 8472 27 7707 13 26 24135 62 27 148 178 11821 79281 12943 9301,0
1247,60 89 1262 154,7,76 68 35 2492 1262 154 46044 66 1310 66 30 37 14623 2464 2351 27 32 360 1357,1
1431,22375 5166,10,319 22375 1345 8443 4182 1403 2260 71 13027 35 45491 35 1779 35 4334 207 70,0
881,275625 18604,11,489 84 15 489 88 275625 18604 27 48145 1773 15 317 1316 27 12 4734 41 462 30,0
1434,773 21092,6,2181 21092 15 2050 39 13315 27 9 107 773 4906 27 537 2181 16281 15 142 146 4906 37,0
948,175931 771 3159,11,9718 15 3159 39 175931 20281 31 10477 27 75 44 4576 31 11,1
1468,2327 137 17582,4,237 5129 912 31 11 2147 48 1202 11 4240 482 137 33 25695 7405 145828 17582,1
981,2148 32 14129 197,4,247 3243 365 20 30173 15 855,0
1365,26554 63,5,26554 278 55 8 735 37,0
893,160 106 385,19,160 50 9312 55 548 4141 385,0
1063,6828 17716 14916 15 59165,5,46940 36 26888 9019 59165 72 38 9750 13006 27 285 1149 1525 104 15 2213,0
1004,704 394 12042,2,37339 33 704 33042 1390 17969 27 14 394 9738 4919 27 37339 535 997 1191,0
1083,32569 97678,9,407 16139 44349 31 355 63 16 52 37 269 31339 4700 5497 31 235 11,0
745,11837 6146 16 336,4,11837 6146 16 1663 37 7821 15787 1118 14 32908 3045 27 80158 929,1
1223,304 243 741 62 1124,4,227 13069 528 18 15298 19 116 62 126 11,0
1050,5415 46 436,13,191 1405 1185 3263 975 27 90666 15 855 599 5415 31 27 22558 104 873 5479,0
1405,31579 339,11,471 36 10350 4230 27 44 228 104 14 2331 33 14520 27 286 14 31579 1306 31 1438,0
995,2594 4224 4670,2,2594 42337 4224 680 27 177 43 1052 41 24 23561 23 37,0
1122,18494 13965,1,3028 1944 58930 13965 5640 27 63 2914 6536 24557 2637 27 2 22 4497 9824 4179 569,0
843,38964 1625 23076,4,77161 1625 36 38964 23076 2086 4966 9979 3195 361 31266 7027 10787,1
971,60086 39707 5235,2,19678 2677 295 18 60086 19 5235 27 39707 2769 45 126 31 27 1790 58 138,0
739,68652 1412 79789 27397 121166,1,21738 1388 20474 1059 27 220783 142 41 68652 1412 27 79789 141433 27397 11,0
1204,3300 1864 12598,2,12598 3882 191 3300 1417 19967 471 237 5277 1308,1
782,2821 60838 49761 1831,1,66902 15 29485 90015 60838 49761,0
1142,59780 273 2717,9,1497 1888 171735 27 130973,1
1274,7501 3,10,93 739 991 6 2385 11 83865 27995 293 15 477 143 22 114 30 37,0
1491,1090 57765 892,7,30811 176 222 18 1090 57765 19 27 62 741 27 1169 166 1807,0
1447,189 19979 95,19,19979 17326 57661 32087 28307 301 428 80 27 3197 319850 291 189 55 9952 37,0
960,3171 743 3921,3,12 348 11623 4 2912 15 743 9244 27 273 166 458 15 5214 1145 312 1272,1
1168,1626 15873 436,9,124 18962 11 464 1626 15873 5118 15 481 27 807 32 31 40 92 52,0
1225,482 125 6486 737,3,6505 482 125 6486 737 7767 78 22952 15 448 7313 1098 71 34949 402 1668 6033 70,1
1290,299161 484795,9,27782 136443 88 136443 121 71 1760 70 1150064,0
1492,24145 60 1016,5,76 24145 12247 10543 4309 321 2703 84173 749 330 432 24145 568 28828,0
1315,88950 10,3,47085 3626 36 29529 3280 15187 83775 15187 48 6399 1242,1
1256,1434 5188 39484,3,3167 6950 815 444 4327 5188 27 635 55 91 12700 89604 30 37,0
733,1451 64 7903 59 13 13904,3,22 110 14 497 193 37 86 36 10245 115 29278 5511 33 7903 136,0
988,440673,5,751 646 36 440673 3265 5 50 52,0
1315,88950 10,10,47029 10 9670 36 83775 200 1269 64 16161 11,1
971,60086 39707 5235,1,5235 35 39707 18 60086 19 62 126 27 34962 1169 166 1807 11,0
1222,123 406 18666 3027 50497 26 10479 49558,1,89 2689 6050 2114 334 11 247 112 921 43 27 2528 13000 50497 15 6859 34 355 446 202 92 6963 31 353 35873,1
1454,11156 2974 5411 10,7,11156 2974 5411 27 6065 27 366 386 144 8616 4 345 4 6959 15 11156,0
1480,7 6670 10490 15 10,1,3859 1640 25576 294 40 92 52 27 189 7 29 6670 10490 27 107 35189 937 28141 11,1
762,154580 182 10040,3,10040 34723 9984 29419 154580 1409 27 6281 9247 31 27 42 392 625 1060 2193 10988 43356 30 37,0
1125,75559 10,18,1500 75559 226 1218 15 746 490 1462 37 445 25329 33882 21676 13280 27 289 395 448,0
862,28404 8 1160,10,924 17184 2177 844 36 550 103621 666 28404 27 185812 1160 113753 27 193654 2089 643 11,0
738,108236 93,1,17 108 11 6831 43 113 1266 27 25 958 484 408 108236 39 77016 170 30383 1086 3274 92 171,0
1332,12833 12041,1,3258 24429 704 18 12833 12041 19,1
1251,60 5312 2378 9354 260,2,60 5312 14814 649 3882 959 1662 15 8758 3882,1
963,2730 53204 342,5,74 6465 104 3352 54 91332 1075 53204 27 732 13732,0
820,14743 142 15 1382,3,1922 142 15 1382 21 1905 37 179 117 993 4341 35 4527 31 27 562 786 185 57 15175 162,0
1213,1427 5661 29788 1427 361 22 123 279 1196 27 7092 22 266 25817 4550 2136 11 60847 9156 1077 797 27 689 3447 11146 108 1667 46829 162563 0 584532 1599087 46829,3,1923 2789 45995 31 27 22 42 4152 336 279 1196 37,0
1494,23008 606 2192 3874,9,1888 1213 2710 15 2340 150882 31355 3964 885 263 635279 55569 144 298481,0
1387,1003 2559 41466 61,1,1003 31246 13919 27 17740 41466 1791 156 36 780 3 4183 27 3171 908 2 34 3448 30 37,1
795,4339 2755 12751,14,4339 32919 643 2755 15 53,0
1053,319544 10510,6,3833 14 394 160466 10510 27 44 115 10510 576 12771 4755 10044 394,0
764,51162 3748,5,51162 5288 3748 27 41549 34660 42471 27 245 1118 222 3748 3057,0
1377,20 2941 1301 395 277,8,20 2941 5628 2794 485 2148 7786 15 377 785,0
1271,6198 468 131,1,357 459 6198 468 2024 131 94 27 107 2781 468 42 1481 11 1364 19030 9 39594 31,0
1137,46066 28645 5 490 41 1472,2,46066 28645 16 8 1216 37,0
822,8783 547 498,12,3424 3263 9620 1306 31 810 15 1343 27 107 547 5028 27 450 15 8783 84 15 8783,0
1141,8573 7490,15,14472 2204 7490 27 6801 625 19043 24 8573 23 27 3226 2687 1421 4763,0
939,20048 8142,6,1479 1805 14846 27 3352 145 27 44 36148 497 35 206 423 449 33355,1
1352,965 225 9697 7 1700 23294,3,9697 225 247 1700 27 1866 15 1700 106 3163 309 44 11,1
1219,1427 14 9070 25105 1427,5,1477 2347 7 25105 27 1091 36001 532 9070 494 18266,0
1469,2327 3278 5649,1,2327 5649 20132 3656 3278 27 64660 120140 35 75398 14157 625 20637 496,1
815,4573 4378 4653 402 240,2,581 402 7008 4378 4653 27 10956 183 113 289 155 31,0
826,277 1219 1359,3,381 2272 20330 40 3711 15 24 277 1219 23 189 14624 31 11 170 259 352 11685 884 188 114 171,0
795,4339 2755 12751,4,2134 36034 4339 656 2755 12751 15 53,0
772,572395 402 135956 115784,1,6374 36 135956 28662 4875 135956 115784 27 12214 3540 27 466 7173 31 30 37,0
1129,118997 250880 2865,6,32484 118997 1533 31093 5390 35 23650 475465 3410 2201 78446,0
909,15823 22213 10,1,10206 25893 15823 27 14 3008 22213 27 15237 6451 72 638 31 333 11,1
984,17090 228271 122 206910,5,17090 122 516468,0
1138,28599 187137 186 973 37,2,50 16 28599 191562 15755 37 646 322 292,0
869,2038 14165 388 10,7,439 36 14165 3916 342 27 27199 27888 2702 40 7294 429,0
1274,7501 3,11,701 652 22208 27 7501 1395 17023 3541 992,0
798,50246 23647,1,13596 68 1572 36 50246 47522 795 27 6217 23647 2 34 515 11,1
1017,794 83 1662 1316 52 30,10,474 8315 4464 11 794 8168 301 1316 679 1662 27 12 241 164 2226 31,0
757,27043 3592 342,10,3592 10409 27043 1981 342,0
864,6490 935 742 627911,13,13641 9447 7067 11 6490 20174 28177 27 1550 10232 2435,1
931,10353 842 685,2,2732 36 705 10089 10353 3064 685 429 147 97 230 50 11581,0
1241,600 5384 1007,4,60 1088 1698 1529 2878 4462 626 36 2878 6213 10747 3690 1957 977 626,0
1374,20 5153 126 367,5,20 5153 126 15 68 968 465 27 3867 24638 5153 27 23248 72 38 57444,0
1383,41507 294770,1,635 40 6483 15 41507 403 1057548 13154 942 144 31 11 79 103 85 568 153 63,0
1304,390391 72906 1186,3,397 13598 72906 1186 71 383 70,0
1390,26557 5134,2,610 4589 32 26557 78 78 954 33 35928 24 5134 23 15355 10759,0
896,2215 175 6262 56787,2,3808 2215 42 33 4679 239 27 22 11788 6825 25 1102 37,0
998,104 14201 774,4,587 38 662 14201 27209 223 72 115 774 9612 21155 42 39 6 812 30300 27 14201 27209 23324,1
916,1994 2041 982 2052 69,18,63 366 2041 982 1994 51 29 438 2626 4255 3168,0
1303,57774 396 9265,2,396 9265 85189 449 13406 21353 22592 27 6538 10734 482 647 590,0
782,2821 60838 49761 1831,3,844 1948 36 382 2821 60838 49761 15 875 471,0
1021,857 1415 94,17,857 3166 453 254 947 94 27 114 2339 43 269 13184 27 31240 219,0
775,1088 174103 1625,5,14428 2059 36 5371 1625 3244 174103,0
972,2039 10022 1481 15 2788,2,235 16 27435 10022 15 45599 2788 27 16 65412 15 14942,0
1140,14695 40517 16249 186 231,2,14695 40517 16249 16 8 1216 37 198 103 1556 12 49 118 231 11,0
751,351 13 348 145426,4,5500 742 42682 733 351 4358 145426 37 26895 145426 720 11,1
1141,8573 7490,17,14472 483 7490 27 6801 625 1409 51338 13455 6119 27 398 2 235 69082,0
1173,43558 25593 5588,13,10040 8573 109 5588 43558 25593 30 37 56 21320 25175 15 429,0
1305,62714 477 10,6,63 477 83 59 15 21042 975 37,1
1365,26554 63,4,26554 36 545 30093 129 986 12125 48 49229 7717 4106 15 28391 1768,0
1460,1854 394 16160 3784,6,16160 3784 27 1854 394 176 2180 18723,1
1318,204 278 15,1,10833 2342 22777 27 41051 102 278 15 1828 27 549 7128 28035 310 493 31 11,0
1303,57774 396 9265,4,396 9265 36 16421 1416 2741 29676 11 38 8825 15 2759 15569 11,0
926,11591 29395 1105 14822,2,11591 29395 36 1084 38316 14 22479 27 1105 14822 10846 18383 11 1570 18747 1173 31,0
885,197 3794 61,7,197 1544 84 15 240 62 966 27 2751 1902 6541 22 27 344 258 247 14796,1
1031,60170 174 3669,12,60170 548 802 557 27 2361 174 47782 3550 11 86 36 543 4255 159 31 2627 11,0
1452,36011 215 9015,1,924 5717 5657 66 882 4544 1601 577 314 9015 27 36011 9015 40 952 11,1
1329,3537 7721 149 8 1024,2,74 435 6084 15599 12072 31 27 7279 183 22623 680 27 109 3537 2036 1024 1977 2040 177 30 37,1
761,158200 98786 16139,4,9 3091 407 15 98786 16139 27 392 562 786 12 123 29 429 11,0
1315,88950 10,12,5291 34 40 33 431 15 83775 8449 65 1765 24187 3605 27 346 36940 4544,0
1362,15913 204,1,74 4038 5370 9486 36 24 26 15913 1437 9850 27 26 4846 3013 1336 23 16 7787 239 37 13 6718 30 37,0
822,8783 547 498,4,138 15 547 18 8783 19 245 97 294,0
741,3134 6754 51 4781,2,18 3134 6754 19 12709 620 1918 63 27 917 4364 917 21990 1321 6,1
819,1181 29454,4,9473 11 1181 29454 3071 45 8135 1900 4351 27 1587 1355 14 1081 24 1895 845 23 11,1
790,1720 47577 646,1,22274 2500 94084 107273 35 41601 35 58187 11117 16 47577 30 37 10471 54 48239 1472 47577,1
1281,17433 21562 1371,3,29982 39187 4100 56748 8219 21562 27 4824 92840 3534 502 1308 2157,0
977,28 3452 18584 2815,1,28 3452 57506 6567 2815 27 1787 6567 33 1824 15 10831 27 1824 14 1866 15 2291 15170 11,1
1180,2909 5265 4136 61 100,1,439 2909 5265 49 36 2038 1276 135 256 4799 16 50 499 37 730 42975,0
1006,61945 112707 8265 499,7,1101 61945 2120 516 27 751 2120 27 5983 4729 2277,0
1409,1180 1288 56 445,6,1522 4957 5365 270 3243 10994 27 209 1180 18176 16 445,1
1448,335 2789 34790 7656 509 186 1493 1165 3241,1,2789 34790 7656 509 18 8843 4 5761 19 289 15 1474 5503 2895 31,0
990,31637 944 13 50 2752,7,31637 26093 13 201 2752,0
1388,1003 11134 223679,5,520 24 5341 23 7991 1003 11134 2602 979 127 121003 13749 6041 156,1
1168,1626 15873 436,3,21 2494 15 15873 1200 436 541099,0
1472,464 23234 39 20 641,1,464 826 147 9153 64 20 7503 27 23234 376 35 844 65 35 221 107 464 3689 45336,0
1456,9426 27878,3,47462 157 10122 27 102 9426 15 6112 77 10420 27 4 9572 4 4662,0
800,69295 606 2899 201 3874,6,69295 606 2314 4436 31 11,1
869,2038 14165 388 10,12,439 11930 14165 3403 388 27 234 17 10958 31 56 26237,0
1294,27592 52879,4,111 118668 16443 35 3781 15 10960 22 273 30 37,0
828,4724 745 120 239,2,47 22 326 7 7219 4724 27 255 27587 27 107 4644 98 15 42 120 27 45 120 31,0
993,19434 1377 6 2388,3,1377 2388 5458 28 2138 86914 27 1886 16256 1411 27 1145 16 650 752 11,1
786,440 932 37299 498,1,440 23785 74 2116 27 3090 2005 671 27 37299 274 15 130 13707,0
949,30461 15 84 54665 1359,1,1131 24 38469 23 7951 795 10975 11 303 7756 304 1253 27 107 95942 1359 42 191,0
1104,15543 48 43917,11,5877 15543 6810 2423 27 381 20724 5973 128768 3108 27 40 17306 4216 44 15 9745 11,0
804,7078 2088 2596 1409 128 35066 128 83 203 32 850 3921 18729 18729 412 562 850 128 4757 1480 1732 2068 1152 43 4544 203 1650 2109 355 6002 18729 15868 993 33180 36 4757 1480 749 3666 83 203 2109 27 330 3596 1473 1236 10644 298 10644 128 337 128 3034 298 482 298 1967 7065 2923 1315 52 4 9359 213684 17 33 57 8297 43455 136 9785 1319 850 4757 1480 128 128 89 2596 1409 2690 32 3108 22 175 18729 3475 5634 135 18729 1898 25343 10 18729 3056 15846 18729 5817 20081 15846 18729 5927 1207 29031 18729 48 3146 7619 10 1070 2732 18729 168096 155360 43967 2629 31 8642 27 7936 850 16 111 1143 850 27 7278 124 1526 1230 27 33 8119 399 40 32 38 31 204 25 635 579 13 3666 27 1759 2349 345 204 2596 11 18729 169386 118846 66532 17 137 27 157 41 32 219 27 111364 27 3445 8 111 228 85 27 124606 18729 337364 2027 16 252 498 15 27 135120 26690 27 431 6654 164 584 31 27 351 2562 59 2470 13250 204 52 1135 14 232 114 204 18729 30204 76268 61337 134 99395 29089 17649 15 3237 269 6 219 27 85 785 17 431 31 10956 31 27 644 952 228 31 18729 329807 85 99 15 5545 52 10418 219 27 82711 65 4365 31 18729 138557 329133 43290 134 85 331 38 16 8099 15 219 27 16 157 11 32 31 348 4500 11 11 11 11 11 11 11 39 29020 10993 27 2373 2373 18729 333608 49085 1862 281 32276 17 4 1514 8187 31 7244 27 38182 25 1615 38 1438 219 18729 4757 1480 4831 41583 850,8,83 28088 1376 27 76490 3689 46010 27 252 203 35066 11,0
1148,232270,5,11777 117869 232270 381 10624 34141 38 5006 79462 3019 7865 22568 58756,0
824,130913 47422,9,26306 1533 2557 35 24760 6675 209305 8826 1632 130913 47422 247368 299 27 228 87 87,0
1258,881 313 924 229 687 1615 687,1,52295 75 38 1838 924 229 687 1615 687 6879 7603 27 2193 7403 2501 3330 119968 29520 881 283 11,0
1497,459 29434 60 127 779,6,9930 459 29434 779 499,0
900,571 2300 15 2030,2,2300 6112 379 3990 1165 267 327 328 4908,1
998,104 14201 774,5,4946 774 2279 97 6175 1010 911 55 182 37 86 36 157 16 85556,0
1315,88950 10,14,14031 10455 10399 36 88950 15187 27 190 12 291 398 327 190,0
971,60086 39707 5235,12,5235 39707 18 60086 19 27 66138 4805 27 3040 126,1
1264,4438 1 138812 24900 29283 1875,4,788 11 1824 1875 1215 22651 25 316 1417 2180 27 1093 873 11133 915 1179 31,0
1255,76 9257 7300 1463,11,17246 33 76 658 31 594 15 280 27 24 65750 23 916 38327 754 11,0
1086,3914 6 1917,2,43145 6 1917 27 492 1917 518 2789 82 55 7 27 5908 5669 27 1506 40 92 52,0
773,9959 13129 204,2,9959 202 10505 4395 86 265272 5329 500,1
1093,874 3728 119171 204,11,874 36 119171 3236 17609 27 1550 115 3728 56509 11 7079 1258 22460,0
1083,32569 97678,12,407 16139 749 110 55 4685 97678 37 209 16 12 3392 33 74776,0
836,33598 23104 17973,8,335 6330 23104 94828 133 8869 885 150 29 187 33598 23104 24 215 80129 23 53051 1047,0
1001,8227 1599 5755,5,119 1301 1599 5755 27 2734 14046 27 2751 1220 22 175 281,1
987,10053 23328 15 9437,1,4597 31936 23328 43 9437 6 27 63 4166 37,0
1116,380587 66 2790,2,18 380587 68 19 1316 342 7019 720 2695 1316 423 42851 1584 1385,0
1048,14 223 9538,4,326 386 1029 43 27 42277 14 223 9538 793 160 386 22435 37,0
1021,857 1415 94,3,857 92896 911 41856 7446 27 3043 94 36 1867 3878,0
1405,31579 339,6,31579 85133 12965 35704 34 62338 859 27 22694 2539 85878 31 27 2539 46004 42 20842 31,0
896,2215 175 6262 56787,1,22 29 26345 27 22 117 323 1902 62860 957,0
1263,1287 8267 639 14110 30,2,1837 11 1287 639 14110 44656 3405 27 5716 805 1022 2432 1426 369,0
1444,50 6673 10147 554 314,2,119 6673 41819 234453 4 719 938 27 10147 554 97221,0
1016,794 63 12043,5,794 83 41 77 8339 12043 30 37 12043 6312 35007 71 462 1309 70,1
984,17090 228271 122 206910,7,18 36710 19 197 547 6 2260,0
921,15879 9600 1123,3,12 15495 62 15879 709 183 1220 22 41 34251 4499,1
1053,319544 10510,11,319544 12081 20841 57994 70635 1073 3837,0
1480,7 6670 10490 15 10,3,3553 6966 15 236 4496 47 17 7 15 6670 18776 25576 27 67 4 120 11,0
1418,549 38332 1447,3,38332 1447 109 8363 12 426 5258 2576,0
1153,26143 7792 61,7,26143 1469 1496 71 61 21973 70,0
1180,2909 5265 4136 61 100,13,736 10758 12382 14659 39 2909 5265 266 33763,0
1181,2000 481 10,8,34210 28 389 12 79638 34376 15 14447 27 2628 807 198 10857 31,1
1241,600 5384 1007,13,85189 94676 56 9965 11 1088 26308 2878 10839 66 283 27 5875 85 9965 5742 21 277 87 87,0
1200,10237 60317,9,10237 1492 227 18 60317 19 10564 27 189 416 333 20994,0
870,702599 18486,6,2450 27 18486 3 3 3,0
947,23073 39 9109,7,3269 36 111 34 41 5090 9109 39 1453 4050 1825 27 47944 23073 2204 566 3643,0
771,208093 863 15125 66,5,700 33174 19228 633 15125,0
935,174 18797 1244 15 28 204,1,28 2838 566 3831 15 2634 27 19599 5547 45 557 27 269 12622 11,0
1405,31579 339,8,471 36 31579 14 475 4928 85106 72 1238 866 21000 27 42 14 34 651 8830,0
1425,13300 215 2386,14,44 16 450 15 3645 27 26 1217 2247 256 27 159 31 24 13300 215 2386 23,0
1063,6828 17716 14916 15 59165,2,522 59165 5637 31 5320 2005 27 17 72 20391 39111 7841,0
1387,1003 2559 41466 61,3,1003 58563 2559 476 595 27 1041 164774 169 27 16570 202 560 4486 15 1828 11,0
987,10053 23328 15 9437,4,2925 360 36 51624 23328 13 201 9437,0
881,275625 18604,9,24 275625 18604 23 1158 15 21221,0
1068,932 20423,16,166 20423 274 932 27 21 28253,0
902,3788 4564 1840 1441,1,1248 86 15 1840 3788 4564 27 7514 5 398 2041 123 519 11 205 3547 21 2051 15 956,1
1336,259 4480 3929 182 5010 15 52,3,3576 386 259 4480 3929 9 24 8985 23 27 1756 36350 27 5010 15 2163 27 199050 10625 17110,0
1207,204136 61 100,4,204136 390 50 1362 37 751 646 13 1078 92,1
1472,464 23234 39 20 641,2,464 826 3511 36 12747 4507 715 20 4507 23234 1713 27 196 20 1927,0
1086,3914 6 1917,16,74 24014 36 2572 4650 6 1917 27 3914 255 33 108 1537 27 104 7 18791 929,0
1374,20 5153 126 367,7,20 5153 25 744 588 15 126 27 166 15 289 15 1550 7901 31,0
1178,1203 15 14669 2123,1,14669 2123 81 7 27 107 1203 15 42 120 27 383 352 190 27 1527 22 65 5 44654 11,1
1014,4100 314 54 15 939,2,4100 36 85082 199 314 3061 15 1984 423 939 22 1591 38 2791,0
963,2730 53204 342,8,74 714 54 11015 69 169183 15 45710 27 872 30 37,0
863,286504 39452 46746 54662 215239 87308 413516 15 4982 10333,5,22738 3171 8987 37 103 3464 8 1720 11,1
1431,22375 5166,14,5166 22375 1345 2871 1529 18 751 2745 19 81 34710,0
1127,5210 6507 1296 3802 26162,5,17547 15929 48 5210 6507 48536 27 365 5210 6507 1296 15 26162 43 859 40 3747 31,0
1191,1189 6169 131 30,1,4861 16257 27 225 21786 13369 27 7057 28 15 1222 331 18535,0
1141,8573 7490,11,7769 15 855 2771 52476 8573 27 216 13 832 1735 15 554 37 11,0
983,54354,9,533 27 82048 39 54354 222 1032 116 43 27 52892 36 274 15 130 52,1
984,17090 228271 122 206910,6,2896 18 36710 19 5064 15 19438 6 2260,0
808,922 7912 486,1,41803 36 7912 992 33 486 5976 1424 3348,1
1016,794 63 12043,14,794 4976 12043 13 50 763 37,0
1384,71779 5283,14,37888 33 314943 71779 4859 104 34 27 207 8318 7913 3531 4412 220362 4031 27 3701 21935 64787,0
1107,2601 140780,1,107 3445 15 24 181985 23 161 475 710 31 27 2288 7746 593 71469 140780 2385 10326,0
824,130913 47422,19,130913 111968 1118 10624 2533 47422 27 1218 54653 688 9967,0
1118,24826 2865 5330,2,18 24826 19 1181 1415 36 917 5330 27 917 3390 27 917 2323 1922,0
1082,14589 153 6874 98,18,33 610 27 14589 153 6874 98 37,1
1095,361 5661 29788,1,24 5661 29788 23 111 19133 15 361 22 11,1
1125,75559 10,16,861 2805 4579 75559 27 234 10 43 1542 40 16 100862,0
1173,43558 25593 5588,12,584 43558 25593 21634 31 11 646 1775 36 483 119 2752 27 314 108 692 661,0
1152,22977 7381 29658,2,752 33 1377 78 78 73127 30128 158530 15 875 29658,1
988,440673,9,2925 360 36 440673 8 1472,1
1255,76 9257 7300 1463,1,76 19834 27 55893 27 102 11771 27 612 27 9257 15 1842 27 218512,1
1232,68 67732 125 299 947 27 299 4444 27 2177 27 299 3193 423 1794 429 39 1321 204,1,44441 63 954 24 117559 6298 23 37 13562 593 729 6298 27 11366 6209 27 318 11927,0
940,215 28628,5,439 36 21 2660 28628 15 939 27 215 5408 13 28628 346 4065 11,0
1494,23008 606 2192 3874,2,32816 606 23008 1736 5513 1439 11 393 4736 1984 35 3785 35 2199 478 11,0
804,7078 2088 2596 1409 128 35066 128 83 203 32 850 3921 18729 18729 412 562 850 128 4757 1480 1732 2068 1152 43 4544 203 1650 2109 355 6002 18729 15868 993 33180 36 4757 1480 749 3666 83 203 2109 27 330 3596 1473 1236 10644 298 10644 128 337 128 3034 298 482 298 1967 7065 2923 1315 52 4 9359 213684 17 33 57 8297 43455 136 9785 1319 850 4757 1480 128 128 89 2596 1409 2690 32 3108 22 175 18729 3475 5634 135 18729 1898 25343 10 18729 3056 15846 18729 5817 20081 15846 18729 5927 1207 29031 18729 48 3146 7619 10 1070 2732 18729 168096 155360 43967 2629 31 8642 27 7936 850 16 111 1143 850 27 7278 124 1526 1230 27 33 8119 399 40 32 38 31 204 25 635 579 13 3666 27 1759 2349 345 204 2596 11 18729 169386 118846 66532 17 137 27 157 41 32 219 27 111364 27 3445 8 111 228 85 27 124606 18729 337364 2027 16 252 498 15 27 135120 26690 27 431 6654 164 584 31 27 351 2562 59 2470 13250 204 52 1135 14 232 114 204 18729 30204 76268 61337 134 99395 29089 17649 15 3237 269 6 219 27 85 785 17 431 31 10956 31 27 644 952 228 31 18729 329807 85 99 15 5545 52 10418 219 27 82711 65 4365 31 18729 138557 329133 43290 134 85 331 38 16 8099 15 219 27 16 157 11 32 31 348 4500 11 11 11 11 11 11 11 39 29020 10993 27 2373 2373 18729 333608 49085 1862 281 32276 17 4 1514 8187 31 7244 27 38182 25 1615 38 1438 219 18729 4757 1480 4831 41583 850,12,492 9938 142 813 142 1266 27 668 68530 38 31744 27 686 1573 5765 50359,1
1103,2089 19923 367 215,5,170 3742 171 1960 20 19923 367 27 397 1123 89 378,0
970,16219 6955 10,1,16219 36 153 50 3072 31 17 64 24133 247 2934 42566 11,0
935,174 18797 1244 15 28 204,10,13291 28 174 25518 18797 2406 50428 3669 88 1062 3898 602 4997 6800 4209 929,1
916,1994 2041 982 2052 69,11,2041 982 15 43751 27 2013 16704 2052 15 69,0
737,4704 2804 259,7,4704 49 64867 27 2010 916 13912 2804,0
1394,110 55 9961,3,110 12897 9961 55 832 734 37 48 12 101 29 231 4838 1999 75952,0
806,8026 9769,2,21064 8026 97009 9769 35929 3873,0
761,158200 98786 16139,2,407 108651 32569 12771 98786 16139 27 41 155 10131 30 37,0
836,33598 23104 17973,10,74 33598 23104 5128 27 49626 3052 23104 2404 1580 239,0
1302,597457 17553 14 8480,1,32855 68 36 90499 14 17553 8480 27 121485 3399 31 16737 44047 27 1573 8183,0
1141,8573 7490,3,3270 42 5226 8573 37 1671 957 235 162 27 38 282 4755 466 27 14472 9452 84714,0
1015,794 43088 2089 1482 138,2,12222 21799 408 559 1482 1713 52 37,0
1329,3537 7721 149 8 1024,1,48656 447 1 15 445 3537 2036 1024 2407 149 27 1261 1024 95 27 670 1083 41 364 95 37,1
1363,712 14567 179199,3,19044 35 15578 35 8116 35 31860 35 22785 63 1242 712 14567 37,0
770,61088 97072 600 21711,3,21711 36 9978 35540 64 8582,0
1111,36024 28 10299 13186,3,660 13979 16991 27 28115 13186 6015 57 1640 9291 38 120 27 660 1412 10324 10299,0
835,31413 66,12,31413 68 36 998 1825 1916 1297 27 1579 625 743 107 12177 42 5001,1
1275,1195470 51530 538 10,3,2435 39 173 6763 34470 27 4932 31 2531,1
1115,23658 2184,5,28 23658 173 15 24497 27 57 97 17 2607 25 38 4034 17 15 31 2184 6176 46 3518,1
1486,379 18584 8 1216,14,112 18584 409 37 54 56 5699 398 366 16498 76989 11,0
884,16879 1988 10259,2,67 15 1809 10259 27 51 352 1025 4554 190 43720 15 1988 507,0
1297,85485 8 54,19,85485 8 54 37 3565 93 4 38 1821 955 19193 37,0
1158,51084 71474,3,64977 9 1714 71474 27 758 1724 15 34053 27 668 45 594 31 11,1
1032,8960 46 61,2,4316 1953 211 175 813 8960 46,0
980,236 119531 3379 2524 66281,7,698 236 1141 7116 15 2524 11 972 972 3379 2524,0
1461,2159 13325 18904 10,2,225 1548 405 18 14915 19 84 15 12141 18904 11,1
1050,5415 46 436,9,3755 15 46 40 113 7717 9374 30 37 12 8364 45 3245 31 27 1745 16 3755 15 46,0
888,369 27902,2,369 27902 8217 1604 224 21917 27 15191 230 40 33 20386 87 87,0
1364,17981 23706 3605,8,76 17981 91413 3090 89 23706 6633,0
1362,15913 204,2,15913 15913 15913 15913 15913 15913 15913 15913 15913 15913 15913 11,1
1173,43558 25593 5588,1,43558 25593 200 228 64 2486 27 33 561 65 15 237 136 27 17 7 31 81 13682,1
866,721 26864 125 15 11942 770,9,770 236 28064 36 115 2241 6818 73875 163964 15 196 27 12 2241 130 3653 11,0
908,1169 1601 93286 22432 344 5267 975 16660 181657,3,53171 2602 16660 344 5267 975 47706 9782,0
1465,15338 649,2,1544 851 2841 83 252 260 27 8241 36758 13232 612 3423 4 1678 31,0
1148,232270,8,232270 55675 11 262184 2425 7971 11402 11 13777 36 5162 17 118446 167714 647 44 29 79286 11,1
1442,50 78396 61972 29778 8 1216,3,143 36 2051 5066 78396 423 22737 429 1047,0
1416,315 27129 8799,3,8799 3185 315 9205 27129 27 27129 36 249 315 59 2020 166898 66048 1319,0
1046,14 1898 31 409,11,206 1194 14 1898 27 329 6931 4315 31 155974 27 852 109 1140 14547 37,1
1223,304 243 741 62 1124,7,528 2102 18 62 1668 741 2681 19,0
1086,3914 6 1917,12,9630 33 2601 3914 27 13908 9572 20821 18260 5 6 1917 27 32 15 17 5805 1061 31,0
880,221 33 55326 15 112,2,464 55326 2564 15 221 27 20956 5683 1111 39 1015 2391,0
831,656 5737 833,4,11007 11890 15 108398 656 5737 833 27 4826 2171 864 27 4 67 4 52 7 4 120 11,0
1294,27592 52879,1,38880 27 55012 27 13421 27 52879 37 88 22 580 15 397 301 3 178 8433 10960 1776,0
829,4724 40050 1178 8 1368,10,3436 6605 1328 4724 25883 153 355 8 1368 27 16150 27 189 7659 47 22 18006 4154,0
1071,2667 30480,2,2938 133840 12304 5680 758 480 27 4675 86 25611 27 16251 2800 1549 30480,1
1373,20 3551 407,4,76 21 318 1011 15 49 127 14959 27 20 870 2287 220 11,0
1095,361 5661 29788,6,5661 29788 91 86 361 6154 27 1541 86 74729 5640 64 22506 12124 282 1999 11,0
962,97097 3151 40927,8,11217 18 50993 19 36 97097 27 40927 164 40890 27 4 7 748 31 16478 11,1
950,4557 19651 9365,12,1087 130 11 9365 80 5188 15 4557 12820 41 10614 33278 11296 80 15 83 37,0
1017,794 83 1662 1316 52 30,9,777 31381 895 31 37 47 22 29 67 69 27 11497 64 236 1901 11,0
1387,1003 2559 41466 61,2,1003 31246 1383 131 63 37 3173 1037 31246 332 15 8265 499 162 11,1
1065,145248 163558,11,145248 163558 345 409 37 18710 12 68 291 27 6179 6523 4544,0
1048,14 223 9538,13,10258 46 27 8039 223 9538 27 33 16988 58 183 4214 27 17160 268,0
1207,204136 61 100,5,6760 61 100,0
1142,59780 273 2717,1,170 175238 96 2533 171 678 1336 9726 28223 12593 15 2941 71 383 70,0
898,9858 525 1 99 618 1 510 15 16 369 16 99,7,1288 10768 36 525 1 8192 147 449 18518 803 15873 27 982 59 15 995 130 35455,0
972,2039 10022 1481 15 2788,4,141 10022 15 1611 2788 13 201 37,0
1374,20 5153 126 367,16,20 21 28929 1926 15 377 5153 1022 87 87 22 15 2224 1980 31 30 37,0
1168,1626 15873 436,7,15873 1269 1304 438 2688 7680 436,0
788,72506 31891,3,72506 85397 31891 15 53,1
1139,69516 33 50 1984,7,4539 36 46 119 2731 51597 8339 3022 11,0
771,208093 863 15125 66,8,44969 24 6785 23 36 208093 3143 275 526 4105 86870 7001 18699 27 13 545 42082,0
757,27043 3592 342,8,3592 1075 342 782 697 5767 41353 2810 3592 27043 3592 3848 43004 1465 43004,0
988,440673,6,1616 57115 19964 15755 71 5849 25685 70 39 440673 27420 35 2752 35 5245 423 1472 69 11,0
1032,8960 46 61,16,2496 20918 28 50685 20 5924 27 548 55795 27 1618 11464 9607 299,0
1385,8416 1271 884,1,8416 36 76000 13498 2830 27 14 130 1089 24 5566 673 23,1
1099,1833 6067,5,46988 68177 36306 1171 51059 1157 15 6067 1833,0
1160,18158 962 4672 3028 6381,7,2264 79801 11 7966 2395 34411 4944 12359 21509 27 109444 15 18158 962 4672 1194 1583 87 87,0
901,78661 9 1940,1,225 33 44540 571 2000 27 930 15648 216 104 3363 27 97 2000 571 2409 106 2 570 916 1315 2000,0
1231,3356 1576 325 24342,3,325 24926 6879 13970 27255 3356 21925 180 6879 66 39 101,0
865,363824 15 7675 69,1,85 363824 77 22 2643 111 13 3769 11,0
760,1866 131 16139 63 11773,4,81 11773 407 16139 27 104 3352 253 392 2044 27 1597 2582 6031 27893 6031 11,1
1258,881 313 924 229 687 1615 687,2,381 4959 881 283 37 1918 180 924 8872 24 229 687 1615 687 23 27 15603 457 280 4959 31 11,1
1009,12120 7638 2196 89 596,7,12120 7638 8287 139132 388170 38 11717,0
829,4724 40050 1178 8 1368,15,26984 15 40050 109 15448 1788 27 2671 8027,0
1108,249 315 5783 34021,3,249 315 18 5783 34021 19 4778 15 8242 16 1871 23501 15,1
1431,22375 5166,13,22375 8443 48 22375 695,0
836,33598 23104 17973,9,22 2593 3525 33598 23104 1697 5151 30 37 110 37,0
1384,71779 5283,3,522520 5283 36 545 1388 9098 129 9839 27 6140 5447 896 2297 2888 5283 32568 131120 4336,0
1360,11750 6482 378 91518,1,11750 271 321 96 6048 6482 94 378 7668 152 13189 18142,0
1284,25768 30971 2620 1584 5713,3,70115 1901 30971 71 2620 70 1584 4106 27113,0
1011,330717 27193,3,27193 4 9 277 31 11 83678 28525 4120 579 11,0
834,41777 131 1519 312 640 5717,1,353 990 13281 1798 13645 407 16 157 30 37 272 350 6823 98 13645 131 30 37,1
824,130913 47422,4,47422 12 561 36 45404 22752 8524 27 3867 5303 6 1487,0
1384,71779 5283,10,731 71779 8532 11426 4025 172677 2505 210400 3 6498 2235 372 257861 7699 568 545 1636 302 9960,0
987,10053 23328 15 9437,6,492 5812 15 10053 27 20183 23328 109 38 7 37 29256 37,1
1061,134116 10527 2237,1,3896 42968 122 18 134116 10527 2237 19,0
1207,204136 61 100,3,204136 14583 27 153 186 231 37,0
1444,50 6673 10147 554 314,6,10147 6673 559 554 314,1
1385,8416 1271 884,20,8416 36 26 195 5048 24 353 10455 96349 23 229 38025 14 341,0
974,28 174 11858 39 390 35300 15 10,3,1746 1207 15 167 1110 3981 36 11858 32742,0
807,99948 16853,4,99948 58649 8643 9985,0
798,50246 23647,3,145036 15 50246 11063 78933 45 6236 31 27 635 1050 3089 15 730 11,0
1082,14589 153 6874 98,4,949 43 153 6874 98 31729 37 12 269 29 429,0
932,19550 386 63295,2,19550 386 4538 122 37957 477 2969,0
1027,22424 670456,4,1042 1456 50386 27 17 38 5147 4398 22424 30126,0
952,9666 2348 7880,4,2348 18 24032 19 4229 2232 71 9666 15878 70,0
794,59661 672 3938,1,59661 63 5288 3938 215 11140 37,0
1247,60 89 1262 154,4,89 1262 2394 36 76 66 187 20760 1262 154 2394 2903,0
1036,16980 33923 10036,9,2165 15 14047 10036 27 33923 10036 15 18006 405 250,0
916,1994 2041 982 2052 69,13,2041 982 2052 69 27 25520 15 109 957 32 933 11,0
1068,932 20423,12,6863 36 932 18 6250 45655 19 1283 27 2316 12 1823 6550 2216 20423 11,0
1206,2363 4210 13766,8,32 3092 25 55 3089 27 1287 13455 6390 15 2363 4210 13766 11,0
990,31637 944 13 50 2752,5,31637 26093 15 2051 2752 13 201 37 214 31 31637 26093 2143 1412 3483 30 37,0
1299,152747 1635 1105 60 135,7,1990 1062 30359 60 1635 1105 80482 6213 18345 124337 1232 123192 3103 3038 10207,0
948,175931 771 3159,4,10477 1090 1232 175931 11140 27 22 981 559 21469 55 1134,0
1377,20 2941 1301 395 277,7,20 2941 33 1301 1106 781 32 1205 1774 1357,1
800,69295 606 2899 201 3874,3,69295 606 11190 6878 1498 11 1479 75 5976 142666 638 35 20048 8836,1
1477,7004 20 2771 11540,1,1209 5096 1081 2771 11540 27 211 11540 9232 37,0
1371,20 7091 10292 10,6,7091 161 268 1143 323 15 27 10018 15 10292 42401 27 9125 19224 20 5741 6416,0
1505,1410 9 51223 267 31,1,225 15432 13949 43087 27 39 1410 454 31 56 112 27 3346 144 6784 66246 11,0
1032,8960 46 61,10,3628 5832 914 24575 789 2484 11984 288 722,1
902,3788 4564 1840 1441,10,182 461 21 1762 37 461 93 878 47 22 1840 860 123 519 11,0
1409,1180 1288 56 445,5,1993 102 7362 92 27 628 16 1019 15 52 12210 1429 1180 1658 27 17 16 1019 15 178824,0
1088,25274 9162 1099 7994,10,11109 9162 21 9171 15 1099 27 31003 17825 11017 44983 27 525 34 8080 3096,0
1313,207805 18 94231 204325 177687 19,3,1039 395 31 11 76724 117 8257 62 1928 94231 204325 177687 504 7813 47614 23530 6 107260 70,1
1141,8573 7490,4,2149 14472 27 2060 18010 6168 24 8573 23 27 66 12751 25 1762 27 17091,0
1095,361 5661 29788,17,1011 361 34015 5661 29788 45995 1337 84 27 6058 15 16 34015 11 579 13 1196 361 933 11,1
1430,50128 47394 310 788 5304,4,6264 1383 147 426 24 3405 23 15 59450 253 392 31007 80 37 11,1
1299,152747 1635 1105 60 135,5,1990 1062 30359 60 1635 1105 80482 10702 10526 46959 1232 76442 6398 3103 3038,0
1274,7501 3,17,601 811 6058 116 18 9759 19 27 7501 567 39288 18680 1246 27 1671 56 3264 394,0
1468,2327 137 17582,2,2327 137 4886 45045 1222 3303 1689 6267 2147 1693 92 123352 6478 2520 242360 2249 873,0
1323,26 48577,3,22779 274 18 48577 19 2263 3870 410 2423 1078 27 22779 26 2265 515 11,0
786,440 932 37299 498,9,28 9636 34050 27 222 440 932 18 37299 19 1283,0
789,1720 83250 29008 314,9,3435 12265 42520 6232 27 1350 228 1350 1472 11,0
1016,794 63 12043,8,794 4649 255 12043 27 255 31764 27 9683 47 22 11497 2030,0
837,11801 465 4723,16,2925 321 11 11801 1483 1491 871 521 11 1576 29 2584 24 96 20275 23 334,0
1434,773 21092,8,110 230 353 943 31 68 80 21092 15 773 37 234 433 1249 31,0
1197,5111 1151 3807 2577 1984,1,503 5111 21 258 112498 12 49 29 399 27 10096 179 56751 27 198 103 22 125017 31 111,1
1249,60 127 34064 2819 7720,6,1434 1634 3259 1825 1481 709 217 36 2602 127 2819 7720 34064,0
1307,6728 7289 182 366 155 26158,1,4195 7289 1154 36 12 449 26158 8 155 2052 37 13541 36 111 3833 11,1
1146,18500 1099 142 2073 13368,3,18500 1099 59 27 176 227 18 142 2073 13368 19 1600 1492 27 269 45 126 31,0
1128,27600 8704,1,27600 23523 35 612 997 35 10806 35 32668 15 27600 10545 1049 53344 88 350354,0
952,9666 2348 7880,2,2348 62 116 18 9666 19 18 47871 19 18 35571 19 207 2681 2232 27 1122 2342,0
1138,28599 187137 186 973 37,8,2519 2226 6954 4657 16 95 37 1037 646 1357 27 1350 114 1350 3609,0
1092,9414 65358 10131,3,17882 1775 36 10131 199 4452 1047 9414 4788 27 5723 10131 332 161 346 3333 11,0
1052,91680 312 13 1771,4,5687 1771 13 7652 27 2637 8100 392 35433 11,1
815,4573 4378 4653 402 240,7,1903 16711 1318 71 4378 27 4573 87 87 540 4653 742,0
905,26684 5 1179 10,4,28 5 1179 280 31 26684 9268 3173 1042 10509 7258,0
1151,1279 24818 468 13306,2,1279 74 24818 52282 27 445 12659 247 24 591701 23 27 561 1820 41 98 16216,1
1078,37099 3330,19,37099 97684 36 2171 10447 110 9 1332 121355 402 16898,0
1333,14111 2653 44620,2,14111 5065 5858 4829 176 129 584 541 152 5851 2580,0
920,2255 647 5576,1,2255 5576 15 24 42826 23 36 17 253 1475 621 41 4615 38142 35 2894 4375,0
1305,62714 477 10,1,83 21042 477 143 122 9784 41132,0
1385,8416 1271 884,17,8416 95873 40999 5639 12307 6537 27 6594 59304 188 9862 11512 5053 1931 11,0
853,2177 18301,1,2177 9836 18301 15 405 69,1
1217,1427 5661 29788 1427 361 22 1025 218 84 218 27 7092 22 266 25817 4550 2136 11 60847 9156 1077 797 27 689 3447 108 1667 46829 728715 94796 566390 240779 47093 46829,3,5661 29788 913 5009 5113 720 27 22 42 33 4152 24 391 23 1196 30 37 1497 79 1667 11,1
1121,79715 8546 463,9,8546 4 13 96 11569 11 886 2523 1190 490 37,0
870,702599 18486,3,25372 72520 72 3414 514 33945 17369 331 18486 31 104 275,0
1031,60170 174 3669,13,60170 2590 4143 1320 795 27 10959 9694 3634 5194 3721 10342,0
849,497 16576 184 401 176,5,184 401 27 176 12732 30097 27 2 497 16776 11,0
1478,11077 27552 3507,2,11077 101704 36 22 16 744 27552 15 30 27 313180 37,0
1362,15913 204,3,9755 35 15913 35 111 695 265 25 183 278 30 37,0
896,2215 175 6262 56787,13,581 700 8161 27 80621 22 56787 2215 9110 37 234 289 2332,0
1145,733128 15 5486 1881,1,6505 62 18 31413 19 10591 27 1652 85 17286 17 5486 1881 40 4349 728 9468,0
981,2148 32 14129 197,7,2148 32 4357 110951 1499 27 13552 1079 27 1071 12338,1
1314,120073 116386 799 256 590,3,839 10547 215 54933 120073 116386 36 1916 6085 205 4959 17 265,0
1386,4993 590 737 23979,1,839 36 4993 590 737 27 20 2316 66 712 27 66 352 802 1197 301 152 90 2386,1
1206,2363 4210 13766,4,4210 13766 2363 1628 1430 1626 3403 2385 11,0
1153,26143 7792 61,3,43102 26143 15 282 27 19408 18528 175312 48227,0
785,597 7858 79350,17,170 718 171 2168 27105 921 25100 3079 4901 44133 79350 259566 0,0
825,12195 405,9,12195 22763 3483 209 16 113 7 15 11 22634 106 21298 5038 15 27 5667 3101 32 11,0
936,2808 32332 339,8,339 36 44 200 25181 132 2808 64 31 1599 27 42 56129 640 31 725 15 1822,0
1125,75559 10,8,8735 32 31 85 10 27 82 114 75559 331 113 533 11,0
910,18797 28 3139 91702,2,25158 34423 28263 126301 4397,0
1425,13300 215 2386,11,13300 215 2386 233 15 3516 144849,0
1186,6066 42 328 96 1755 1063,2,6066 476 25613 27 22 644 42 183 5151 15 659 992 11 1899 1151 992 12029,0
1241,600 5384 1007,17,60 5384 1007 9965 1765 359 27 5742 261181 29 14383 992 8488 751,0
898,9858 525 1 99 618 1 510 15 16 369 16 99,3,90492 13877 38496 1039 223 11 525 1 99 5067 645 510 512 170 759 4933 5737 171,0
940,215 28628,8,439 36 939 5249 1254 2410 1123 27 28628 7961 2898 27 215 16 565 12643 11,1
1283,25768 2870 1077 5760 237,1,4248 36 66 352 7829 4002 1901 2870 1077 1662 43824 237 17158 27 1026 1272 2870 255 978 34,1
1042,19494 73 55851 1976 1318,11,19494 73 36 5551 68578 193 4320 58 107 55851 5310 31 11,0
1449,375 80882,16,80882 36 6472 14254 12714 27 11901 14254 938,0
1472,464 23234 39 20 641,4,641 661 464 15 23234 11 33 246421 26310 15 24525 181697 56,0
899,571 10561 15 1260,7,47 22 8 33 8839 683 749 571 1448 10561,0
820,14743 142 15 1382,2,1922 142 15 1382 21 1905 37 786 57 911 27 22 42 55 993 4527 35 4341 30 37,1
1847,506 3037,5,506 83986 3037 509 18 13781 19,0
2125,4170 43537,8,17955 1232 43537 508 2656 27 3370 43537 29580 14725,0
1706,16669 13004 40 13 50 5370,2,2789 9 1113 27 16669 13004 13 50 2969 27 6776 2792 40 42 38 2017,0
1536,78496 222,10,41351 176 12108 222 116 18 78496 19 27 12 58 45 6236 31 11,0
2155,5797 25315 60808 18 13441 32353 25315 19,9,29926 1198 25315 7983 76081 4117 600 6283 295 7790 26 207 1030,0
2256,20920 176040 60116,2,85 3977 33 488 27 1504 1652 7292 27 22 13 183 55957 37,0
2181,38715 65209 12972 884,19,229 44543 11 83827 5146 65209 13 23901 14486,0
1976,770 2881 156 38206 6678,3,770 2881 156 9271 133 36 614 92 12941 1369 120 27 5084 1787 38206 4561 8767 31,1
1564,3728 402 1290 3121 6727 11,3,874 36 1290 3121 6727 27 5214 39 3728 708 2742 275 30 37 22 42 45 560,0
2091,89 26859 10,8,20869 26859 84384,0
1941,750 411 191,3,183 191 19077 15 224 9 63 1680 37 957 12 3323 27 2 22 58 2246 11958,0
1544,13125 11792,3,179774 15252 27 13125 15 9888 27 12295 11792 35 84396 15 5953 39202 27 7044 1601 4407,1
2110,12435 10004 31,2,12435 2486 2197 16 211 37 1097 13 31 4387 27 24261 6470 72 316 12932,1
1710,4320 24567 1191,4,4320 24567 1191 173951 63 1730 37 1037 360 16 1357,1
1597,15857 179540 2408,6,15857 15 1269 179540 11465 69 3250 743 58 77 198 15 398 39821 17286,0
1926,20360 67978 1098,6,20360 36733 2906 31662 27 34267 3120 27 970 2508 410 31 56 8947 163128 162,0
1604,2474 62190,18,18764 27 373 2888 8644 35 2888 17681 7571 61168 27 1599 46648 294 14036,0
2144,218814 21282 17670 19546,1,218814 17670 8448 27 4854 7683 11,0
2060,26351 7956,8,1901 8377 7762 27 7936 7956 4 9 33 42468 32476 31,0
1877,1741 193 1029 10 89,6,15558 26 4430 1741 530 928 3711 678 35116 379,0
1603,5325 151406 28,1,5325 151406 3550 158 138,0
1676,3287 8328,2,440 3287 36 1521 3287 28 861 3621 3287 62 8328 27 3516 126 11,1
1707,64768 19351 17000 250253,2,610 84521 64768 19351 194 1267 30407 27 65 15336 14 16847 330 310 1865,0
1532,5674 1096 241 39945 72 520 6029,2,151359 15 16816 25 5788 33 102 85 46 15 241 5674 11969 27 64 309 40 42 33 39945,0
1525,1184276 240 10,3,581 8161 240 10 36 13 32877 15 79362 27 790 2049,0
2073,6514 17051,2,6514 17051 63 665 37 20853 13240 77 62 11 24561 3634 58 41 17327 20853 160865 37,0
1949,12890 1299,20,7619 158 1299 56 34 15 674 14 13212 1328 16190 11476,0
1926,20360 67978 1098,4,20360 256 67978 27 2416 10380 6063 27 11320 104 40 35725 31 11,0
2022,52125 132062 4040,6,4012 52125 275 15 7661 27 13 50 52 15 245 30 37,0
1626,18806 45639 1098,6,45639 1835 18806 104 9 108 141 27 51808 15 1658 1851 62 27 346 289 8798 45639,0
1784,5842 44157,7,778 36 24259 5842 233592 6122 5842 24634,0
1800,503 2637 35973,10,34513 33 503 8 8575 21 12675 37 553 628 4579 628 3445 580 15 2637 8575 2969 11,0
1621,31144 5538,6,10441 6 1410 175 849 31144 5538 27 58326 1329 2287 30920,0
2018,82517 13504 699967 15 2085,3,37684 36 790 17949 79187 261595 9019 27 28993 175503 188179 9230 27 232240 2231 895 1733,1
1904,24916 3586 4507 13773,1,12333 33 4507 2610 31 329 15 3586 27 673 106 978 29 3745 27 72 228 1453 510 31,0
1829,900 101 19397 14261,4,15768 30653 27 2272 54 56 2591 19442 452 2227 900 134 1456 156 101 128 14261,0
2023,75787 34264 1787 3284,6,110 13 34 1243 12986 5449 1787 37,0
2095,959 8570 15122,3,8607 15 132 36 8570 1276 15288 5048 15122 15 27 17402 294 30671 30671,0
1827,17149 568 100 4880,2,1327 33 4880 15 10987 3240 27 22 7 38 7 37,0
2018,82517 13504 699967 15 2085,5,17546 2703 5005 8785 4591 15 544,0
1855,11680 136 15 4383 338841,7,18046 227 18 11680 136 15 4383 19 45 126 31 27 52 1652 18071 1313 7839 11,0
2137,5243 512 385 19153,19,431 1841 954 385 19153 251 37 954 385 19153 9 257 50 37,0
2012,11028 705 17531 21628 14 11557,3,30784 564 24 6518 353 870 992 23 890 2710 842 27 705 17531 21628 14 17532 12571 11557,0
1934,8 656 8193 46008,4,1581 47 24 696 10436 4969 23 3822 53 27 8193 643 7620 27 19453 19031 27 161 151809 4751,1
1696,6 27099,12,27099 36 20417 6363 31 27 44 159 31 49242 21 849 1962 265 11,0
2091,89 26859 10,17,15930 4 280 2159 31 27 331 15285 35566 7 26859 104 42 10974 31,0
2140,5949 288,3,340 5949 254 15 74 221 27 191 15 5949 288,1
1916,78877 13982 24617,9,78877 88 13982 24617 27 166 202 1861 27 730 2291 40 3490 31 2393,0
2187,413957,11,874 36 4646 3103 30436 15805 15 3396 644 16 37 115 44 247 159 31 33096 37,0
2031,39755 7795 5181 402 204,3,39755 7795 939 36 39755 7795 22955 2607 2434 27 3667 70214 27 11998 11684 11,1
2118,2938 510 18328,11,2938 1879 4933 5737 4801 18328 27 4232 2341 19508 27 2628 2667 15 1071 2317 31,0
2222,33756 1773 410 28119,1,1773 2724 2599 10036 33756 27 730 12 268 1157 15 927 11,0
1820,3744 173 7 1870,5,3137 88 3744 2361 3733 12736 173 7 15 1870 77 120,0
1842,139297,17,493 15 3279 403 86270 139297 27 115 1621 112 15 338 1835 31 1942 39 836,0
2045,2523 25854 8107 7810,2,6104 2523 8107 423 7810 4797 71 862 70,1
2042,2274 33898 388,9,6472 43 2274 22067 1545 1871 41 247,0
1779,27059 8273,1,7255 39 27059 21 9383 15 56233 98252 37 8273 1830 37,1
1572,1311 22634 258 147 112 108 15 399,3,258 22634 147 112 108 15 51 29 399 27 102 1277 659 2283 77 13 763,1
1900,28504,17,32589 11544 65 5883 28504 102515 1775 36 119 33038 54 5619,0
1697,90727 26255 1769,13,18 90727 26255 1769 19 2804 476 7213 470 57737 11,1
1700,1036 3880 12287 13 2252 30,5,107 8105 5706 376 150 2306 11 1036 3880 12287 463 27 444 1041 618 3 4028 169 180 337 2533 134 127 1414,0
1931,8 477 70789,8,83 143 36 54 85 1376 27 109 2 22 15 70789 39 101287 1196 266 477,0
2224,65520 395897,16,170 1489 171 67894 3201 25857 1610 9170 11 3474 67299 337 5155 337 40828 87 87 2143 79 262 11,0
1533,149250,2,149250 16 23225 3176 27 2617 15 855 55 13 3045 3195 27 75 2189 16789 4336,0
1722,443 221 84 95280 6483 559 787,1,160 39 46 1199 27 1524 35 299675 559 5954 37,0
1908,36561 15026 10774,6,2222 2222 18 15026 19 136 5790 15 377 92070 27 36561 128708 418837,0
2001,341 4455 10,2,19758 271 36406 4455 3786 27 176 2214 969 152 25530 27 15584 34075 73 26900,0
2119,3661 48 857 795 806,7,857 39 3661 5492 795 806 27 86 36 857 12 68439 9329,0
2124,5340 422 47515,5,74 35090 144 31 8463 24 8465 612 23 27 4853 10165 81 58 269 8776 11,1
1949,12890 1299,6,46 723 26291 21 2778 2 34 114 15 348 19899,0
2252,4340 834 9559 149329,1,9559 402 4340 834 36 708 1584 11 6197 1743 14201 91510 27 61671 114731 6181 11,1
2096,959 41 5 4129 30,3,4129 272 41 312 5 37 1037 2925 2584 1357 87 87,0
2026,8877 838 6833 313,11,4766 838 115130 133 6833 313 626 36 7658 68 1512 2779 6600 27 7570 3251 134 128 68 9 2777,0
2089,21 1950 2859 15 25963 28740 992,1,195 14 28740 92 38 31 1078 27 19839 59 1749 20957 44 19487 27 269 36646,0
1965,17 33 33063 37181 547,4,17 33 33063 37181 27 635 72 115 17 247 1237 11 3343 3243 2202 188 16 9303,0
1819,34828 3931 16763,16,49870 1136 337 2855 3931 16763 1016 71 711 29 3691 423 65 1970 70,0
1838,725 896 86,2,139 5409 4797 140 725 10992 896 86 14 24 5031 23 56821 372 29773 8749,1
2150,7650 60869 7015 24619 90373,3,7650 36 7015 24619 96 4706 90373 20797 43 6629 13 65 1023 37 1916 132 36580 11,1
1805,93 82523,8,7744 93 82523 18 17461 19 126 1796,0
1594,14386 36 4820 457 662 31 7806 102 570 15215 168 15 12662,1,4193 1707 36 4820 9848 1018 65769 12662 104 48 4476 15 247993,0
2112,40732 24990 6014 142 31,3,875 33 40732 6363 15 2258 27 917 14 24990 193 446 27 917 41 70910 10056,1
1787,116369 510,4,3029 31 37 3752 1 116369 9400 10418 1369 111015 2926 10233 5737 512 14121 3018 6488 33949,0
1562,377 16294 330 26 48 21135 2568,3,19024 116905 959 9191 144 24 377 16294 23 27 331 330 26 48 21135 2568 11,1
2015,12523 93224 995 136 2208 4652 2596,4,54248 1355 93224 995 136 27 26 520 25 1950 409 37 10875 856 3506 3817,0
2190,40865 232 467,5,40865 91 97 5438 1727 27 1764 1579 45 6767 27 86 36 630 33 5925 30 37,0
2165,116 63029 5587 4763 19,2,28565 116 18 5587 4763 19 166 1891 27 5587 4763 1437,1
2104,13 37504 13 326 41 6589 15 1315,3,13 201 258 326 102091 2724 27 38 4173 39269 15 3240 37,0
1862,14905 11648 26 51 468 177 43,6,14905 154585 43 177 27 177 43 3184 5748 1556 13 680 20608 37,0
2119,3661 48 857 795 806,19,3661 14 413 2323 48 857 48610 2965 795 806 24929 47498,0
2041,1121 21543 53918,4,4 280 68170 31 27 15605 459 21543 31033 971 13763 27 154 1133 41873 1873 5188,0
1732,99 46 137 2743 204,1,26496 4839 236 8829 27 2743 44 103944 18393 24 20136 23 27 1002 749 31397 47186 11,0
1604,2474 62190,12,19313 608668 174612 6197 2250 27 724 17611 1927 15 2250 8653 27 513 2474 27 42920,1
1714,174175 24558,1,18 174175 19 36 629 15 4202 48 6165 268 6418 333 15,1
2185,27196 73800 463,17,340 36 27196 73800 3402 96 1566 89 840 61 11 129 7140 22195 11,0
1539,144 6629 1110 15 7522,1,439 36 4190 7522 312 144 10041 1110 27 12 426 40 41 27 148 70285 22074 683 6410,1
1541,2056 537 671,8,2056 537 671 635 92 15 286 1588 186 37,0
1896,37095 11276 282 830 148,1,115 37095 15 11276 8352 469 27 543 216 5010 19453 11,0
1723,1923 1830 32 6372,5,32 3447 1658 429 214 5113 27 47 22 63 3066 20495 6372 1530,0
1986,1822 1110 201 13824,3,35086 556 15 774 27 5407 909 1654 1110 15 13824 27 25 114 1926 556 11,0
2186,5384 8223 225330,2,5384 8223 1219 225330 79 617 40966 1604 2900 13888 18902 4836 299,1
1777,125639 28111 1075 342,2,1075 28111 10 388 27 1075 56 6711 9712 15 47446 27 83 51857 29591,1
1533,149250,15,149250 27 236469 122291 149250 15 154 1242,0
1926,20360 67978 1098,11,607 389 256 67978 36 52 2062 219,0
1947,6139 6711 1699 11365,1,6139 27 1773 4917 27 2127 1699 11365 136763 1247 87 87,1
2042,2274 33898 388,4,89191 402 18 439 19 31650 388 36 63 1326 52 5780 2274 33898,0
1538,2290 50092 1545,5,2999 993 2290 13241 27 332 10888 36 12163 2446 357 2781 27 2789 229 493 77 13 5337,1
2194,407 2359 1797 87037 2068,6,774 12334 33132 13 878 2068 12334 73235 9366 2359 59 3297 12334 15420,0
1530,51996 4146 15 11397 2220,6,6496 15 43985 986 22 1346 15 10107 27 1289 4146 15 11397 1106 65 11,0
2214,1101 629,9,1101 629 59 15 1531 2863 133882 12340 27 2355 24 73596 12973 23 15 2 39385 21724,0
1615,15927 197,3,874 15805 16706 36 3135 15927,0
1900,28504,4,646 788 228 288 8525 15 28504 27 2679 333 199 4679 15 36000 40 5561 1135 31,0
1730,1364 16583 3478,1,1364 16583 1189 3478 27 14 3175 15349,0
2214,1101 629,20,235 248 16 1101 629 59 106576 10284 15 62156 27 3656 4983 1171 2556,0
1686,12301 608 2857 6814 52249 9 608 1160 1312,1,12301 608 2857 6814 36 52249 306420 43 1542 1160 8104 4646 12474 43847 27 8281 25869 71482 50620,1
2062,10393 6432 4287,8,3245 15 2343 15424 3956 18 6432 68 19,0
2054,3739 2943,3,28 5672 15257 15470 27 1407 2943 49 29 90 22073 27 1042 847,0
1649,1175 3794 4218 61,2,3424 7585 27 2 4486 1185 31 3276 1411 604 1175 3794 4218 1382 61,0
1972,3002 64 1519,14,6236 675 36 1064 27 23139 27 3002,0
2003,601 49439 1171 21322 11604,7,8752 9428 122 9418 27 4104 258572 532 107273 185 78 78 13449 13783 27 16606 29438 10925 3933 32578 11,0
1875,11965,4,447 279 62 5755 11965,0
1859,258166 7681,6,7681 258166 3452 71197 1993 1764,0
1886,700 16739 27155 9552 10,4,340 21189 95975 16739 14152 1322 519 15 136059,0
1942,750 8352 1096 15 4423,1,182 8352 1453 1096 15 4423 37,1
1595,2761 50589 15 53,2,50589 54 50 4971 314 87850 65201 52 15 24685 79 7,1
1758,63 54 5500 11169 1394 15 6154,6,5500 11169 24 6154 23 373 37 22 901 31 27 11169 1394 587 82 16 293 15 689 727,1
1507,21887 39 10269 15 7359,9,20562 1552 15 10269 20157 1501 31 27 21887 10269 33 266 6527 55 27 21903 58 1108,1
1942,750 8352 1096 15 4423,2,28180 36 81 8352 64 15 1096 4423 27 25 109 32490 64 385 16201 2834,1
1839,12734 43709 30622,3,12734 68312 230461 47090 88 14632 131321 256 3311,0
1556,325 60 3551 131 6903,1,325 23812 6903 1516 34 124 45130 169 14959 112840 6903 129 1147 885 147319 4355,0
1784,5842 44157,8,778 36 5842 233592 421 12394 5842 24634 27 1118 5241 41156,0
2233,922 3063 33 85313 9307 13701 15 10,3,922 3063 9595 1040 27 291 31 66 5586 24 643 10035 4724 23 15371 80 27 9475 73419 24 2859 5 23,1
1695,6 82180 275 14836 32611,2,8675 14836 32611 27 543 14 113313 228 31 27 289 15 4964 11,0
1993,83 3297,11,1225 1537 24 83 3822 15248 23 121 216 115 6865 3297 33 1296 12 2935 45 3245 31 162,0
1662,7002 792 507 122 390 7002 5810,7,7002 792 507 78 78 390 7002 5810,0
2124,5340 422 47515,2,8463 4739 15 74 612 5521 13 65 594 11,0
2136,8891 2968 15 1004 19385,13,2968 15 1004 8891 18 19385 19 7711 27089 2035 45241,0
1517,27610 385 378 204,1,4 14 353 5764 31 11 24247 541 29 2487 5199 303 1331 2487 378,0
2140,5949 288,6,221 33 5949 15 87426 20 288 27935 583015,0
2091,89 26859 10,9,13396 893 26859 26859 388 10,1
1827,17149 568 100 4880,1,340 5687 93 4880 3240 1349 15 43869 27 19992 24758 110 3240 113 52 37,0
1949,12890 1299,15,312 382 9832 15 1299 39 6025 27 477800 5634 1204 7035 3283,0
2212,109259 16 1126 15,3,11614 1904 36 17 8870 31 1018 15 67835 16263 27 6076 47 22 63 6155 4269,0
1870,56977 49,7,3155 27 12 45 58868 31 27 56977 49 55362 160857 158 65,0
2158,13217 54 50 2537 52,2,45 812 34 114 13217 16875 153 54 50 314 27 4029 626 1032 27 895 2879 1110 1350,0
1818,5895 15 59872 3116 892,7,1760 18 5895 59872 19 222 892 23348,0
1573,3476 60 31378,2,700 75 54 1457 237 1487 2379 31378 972 1420 29 3196 3874,0
1837,725 17758 1917 2743 148,4,248 16 3328 2851 27 3390 43 72 14 86 7646 2761 1917 37 23510 148 40 1306 38 31 57,1
1687,12301 2857 6814 10879 461,2,12301 608 2857 6814 36 70373 461 43 108 796 708 27 1930 43 4891 31 1223 26 803,0
1996,4932 791,15,165 242 2108 11 248 8271 2626 791 15 2705 4692 565 3293 132 2529 640 737,0
2257,39156 2536 1286 13 1495,15,619 47 22 57104 15276 15 293 53 27 14238 85 143 27 656 333 4 643 4 2536 1286,0
1863,2684 10 481 100,17,6941 2684 3514 2684 589 22510 9430 6454 481,0
1926,20360 67978 1098,3,20360 256 67978 27 3094 11974 9617 27 630 57 5855 15 517 2546 241 11,0
1575,735528,2,52865 189674 64 735528 3201 1673 1489 494 388 15280,0
1834,29944 2604,6,29944 2604 134 125 36 5189 371 14353 429 208 4728 33 3476 12548 12543,1
1766,2261 54 13480 1306 4409,20,181 548 6620 27 54 16190 15 13480 1306 31 1865 15 4409 11 2073 9087 13 28722,1
1723,1923 1830 32 6372,8,3066 11836 43 41606 3449 245 524 3 2845 35 2717 66 3 4534 27 6372 518 66 80 466 27 1313 915 30 37 22 8 32 37,0
1748,138 15 13039 61,4,382 4358 191 15 5642 61 27 175 15 25 233 162 11,1
2219,53036 16693,2,8160 1707 413 2288 17953 21210 784 36 13445 33 53036 3774 2035 69151 56552,0
1617,31864 844 720,7,16680 844 720,0
2191,108849 2483,9,108849 2483 36 17 7279 183 2 8795 12 1094 338 11227 17 22933,1
1606,18327 8 32 2131,1,609 2696 36 922 457 17353 1782 609 27 161990 230 40 9770 31 11,0
2199,3597 8412 892 176 16764,3,601 1928 18 3597 8412 19 892 306 166 306 175 11,0
1842,139297,8,4432 369 4 876 4597 10394 4846 31 27 930 9153 40 4159 27 184 139297 3299 31,0
2214,1101 629,3,2683 28407 8414 11 3715 1254 1101 9016 8930 77847 5941 18793 2384 20 3641 629,0
1865,161703 295 204,5,11642 295 27 25 32 12 253 67 14097 27 427 352 190,0
1863,2684 10 481 100,13,2684 4099 13090 1049 4308 1804 481 379 2684 538 10,0
1526,17363 2107 11377 743,4,3143 352 2107 11377 7938 27 20565 17363 27 5983 12915 1166 743 11,0
1699,1036 26 2569 11358,1,1036 15 24 11623 23 78 78 1036 2569 61572 7526 11358 5657 1351,0
1757,63 6224 87935 852 719,1,87935 153 3593 32677 386 27 79 103 22467 11942 15 21471 2082 22 25 114 31,1
1852,6804 24914 50904,2,81 7 3417 24914 6804 64285 27 28914 661 16290,0
2019,4099 10 481 100,12,379 407 538 10 27 13505 6963 1260 7033 589 64 1469 27 4099 1290 6787 481,0
1529,3576 23144 15143,4,23144 36 2046 567 13 26155 130 5889 27 774 4769 52 11528 4 4769 11528,0
1766,2261 54 13480 1306 4409,4,11570 284 719 11 32079 74 24 530 9048 23 7602 2261 2191 10853 281,0
1791,2068 25815,2,54 6404 199 3613 6750 34784 25815 37 166 2068 1748 11320 27 19302 114 15 1350,0
1770,6294 15 966 1937 2465,5,2202 6294 5539 15 2465 1937 27 32 43 9500 15 2071 11,0
1531,159362 5077 1941,1,10889 672 1983 36 159362,1
1835,10345 12016 149252,10,4770 183 6626 27 536 58 484 18642 27 9951 3152 39 10345 26 12016 5963 11,0
1887,700 16934 7994 5522,6,700 16934 36 6876 316 20792 8080 27 123 152 20089 14 3333 27 271 1775 78 78 57506,0
1509,1602 19653 295 3028 282 152841,2,313118 295 18 3028 282 152841 19 3321 2624 10491 393 388,1
2048,330 5171 330 2079 2984 330 38987 10422 7 2984,3,330 5171 330 2079 27 54 6673 39 10422 398 7 725 3192 2984 27 2537 31601 40 13,0
1954,4398 32575 61,7,18 4398 32575 19 197 36 71281 10283 164201 72 2838 11916 1818 37 205 739,0
2023,75787 34264 1787 3284,9,18277 22 1787 27 22 55 182 37,0
1930,8 850 3447 59 15 10,2,47 47 294 63 850 3447 39 6841 136 15 3261 71 494 2414 70,1
2235,922 31737 6379 345 6334,3,1517 14005 922 31737 655 1646 137271 207 290 2782 2865 3166,1
2146,7087 1124,11,6336 528 96 2485 7087 2813 6 4244,0
1791,2068 25815,4,340 17185 2068 1358 11 828 4665 1339 47 22 2068 17185 27 23079 7685 281,1
1846,255057 15 2759,9,255057 6748 15 1270 27 22182 18201 7409 27 6240 514 4683 15 5683 3978,1
1949,12890 1299,3,6512 6138 27 980 15 1299 6 1065 87 87,0
1857,1233 1398 16688,6,1209 16688 157 45 1307 31 27 33 5179 115 1233 3346 15 422 9250 816 27 961 43795,1
1862,14905 11648 26 51 468 177 43,3,14905 504 26 64 1983 540 9596 2834 478,0
1631,2461 13691 5252,1,2461 5669 27 3695 22 594 7674 27 41990 2894 27 5587 26 1916 19442 27 2461 13691 11,0
1876,49773 13263 1533 871,2,49773 13263 1533 1219 233159 64 52417 2200 4881 299,1
2019,4099 10 481 100,11,3230 88 6970 35 589 299 481 10,0
1568,319 1515 378827 1430,8,319 1515 358123 421 321 27 49 128 103024 474 9365 80 27 51 128 103024 815 47397 80,0
1743,28181 274 18217,1,28181 44501 274 18 18217 19 27 543 55 566 126 27 7257 11,1
1863,2684 10 481 100,9,2684 27 589 27 11105 27 18590 1804 10 27 4308 538 481,0
2085,141649,20,141649 1784 5672 3484 27 4570 15 956 448 40 1353 27 2853 1197 31 11,0
2255,3159 1232 21469,6,14901 36 21469 14 3700 858 7446 27 3159 416 5234 3169 2006,0
2174,15648 2250 342 10,1,15648 2250 1269 71 59 70 122 7571 1269 12825 1077 13727 388 3034 1062 252,0
1589,349 123 133 2024 3657,3,349 28872 133 27 16519 2024 3657 27 1314 512 333 27 6522 294 2360 2422,0
1547,4844 7 24904,3,1248 5906 7 609 24904 27 810 40 4027 98 27 120 64 303,1
1551,2387 899468,1,6374 36 2387 899468 2951 16 1848 10484 9758 27 12818 2010 1258 10133 11,0
2052,66989 919,1,1847 1032 678 2104 637 183 4690 27 18 66989 19 110 21376 37,0
1597,15857 179540 2408,8,15857 3580 55060 2919 1368 1983 9863 15857 179540 2138 62 15 46122,0
1771,2835 25816,2,2493 176 8145 5299 24 8478 23 27 19932 30502 25816 5764 9 44 274 27 2835 149812,1
2056,90 42013 28,17,90 7382 1539 3956 27 20 1539 191074 515 448 27 146 13 5793 90 1539,0
1681,10930 653 328 3176 3647,7,10930 653 3647 97834,0
1837,725 17758 1917 2743 148,6,25074 6630 1468 1 15 3314 6314 36 57 1238 106 2168 3424 450 15 604 11291,0
1773,3848 104457 29856 15 61,4,267 15 104457 852 6954 2226 27 200 12 648 291 25 41 32 333,1
2259,5026 10727 89 5450,2,5026 10727 4066 5450 7715 14486 44119 695 21530 1545,1
1906,143948 712 1403,4,143948 15 587 467 32560 9151 223 235434 1382 1403 7232,0
1697,90727 26255 1769,6,297 164 5526 184 431 1210 31 27 184 2853 31 27 37431 346 158 26 10976,0
1673,9559 402 1023,8,9559 402 1023 836 36 1383 354 30546 93 265 157 256 1999 27 124 4083 11,0
1665,353 2199,6,142 355 91 353 2834 8860 37,0
1847,506 3037,11,5368 2 34 14729 11 251443 3037 704 18 859 13 72720 14384 19,0
2262,23509 106323,2,1272 3493 3825 33187 27 128590 92 27 1159 117 1272 3343 24 23509 84 15 19764 23 11,0
1573,3476 60 31378,7,76 3476 15 98659 3276 11 189 7285 772 11 311 179 3162 17502 87 87,0
2095,959 8570 15122,9,8570 989,0
1875,11965,17,4358 11965 6101 15 4589 35 1659 1543 14981,0
1862,14905 11648 26 51 468 177 43,9,14905 4009 2040 177 43 161 1467 5992 28507,0
1968,17 40 8808 8 1658,3,160 92 36 24 9158 23 27 2399 15 46 14402 12 3885 727 1658 11,1
1910,16833 15 3515,2,16833 36 22 1834 580 17 12 3515 16 8 155 15 11 12 2906 4261 389 24852 107,1
2229,45656 6404 367,7,15657 6404 54 50 6421 15 314 37,1
1582,592 904,16,592 1371 3793 27 241 656 11351 29 904 27 12 1579 2571 31,0
1678,3804 19503 1885,3,6688 16 3804 15 3267 27 3804 12454 19503 1885 2023 4450 37 360 36 32180,1
2008,15760 7020 15 763 10,6,16520 31 27 13 7020 2028 15 27 3692 81 15760 7020 2945 185 27 7020 719 35 5264 11,0
2187,413957,6,413957 3058 12981 36 9216 40373,0
1588,10292 13344,14,934 4342 6367 27 227 18 30871 19 3016 106911 16 61455 27 61820 57866 11,0
1629,103047 89 105,8,19144 725 103047 15 6182 19144 5103 105 641 2 34 8778 11,0
1728,357 1401 11470 1395,6,3492 2367 1395 1401 27 2193 357 17394,0
1571,47951 1344,5,1344 32 31 106 7684 27 47951 26879 124001 14632 60 39446 27 26831 40 49889 4269,1
1926,20360 67978 1098,7,20360 67978 27 13239 15 3471 269 2 34 6689 3795 566 2392 15 4797 11,1
1610,5 6306 12016 15921 6306,4,844 3236 492743 133 36 5 15921 16387 6306,0
2152,8382 3959,3,1017 8382 3959 37 28941 562 214 3629 3745 1365 15 46910 11,0
1641,2376 28199 39 2376 51698 13 50 598,3,33774 408 2376 26860 151 9252 37 2376 870 5204 1090 24007,0
2195,407 8140 52 4055 3091,6,1141 407 8140 3091 2376 9252 255 64430 58 13 832 4055 27 12 82 16 450 15 8140,0
2209,86801 12547 10,8,86801 12547 2890 1043,0
1584,629 1899 143,1,1899 629 2537 4471 12088 143 100 11 8470 233 11,1
1783,232114 547 75253,3,232114 36 107773 3049 1485 111 14 5526 9862 8898 27 106 39 1485 266 1586 836 35 173,0
1937,8 7043 4717,2,67 7043 9148 26 46556 159 4717 27 616 1747 909 25 55 27 2 19770 15 613 411 191,1
2042,2274 33898 388,11,439 36 2274 33898 63 3916 37 15399 119 143 27 327 33817 2830,0
1890,8497 43360 1984,3,2858 8497 43360 942 5324 22 16733 6191,0
2023,75787 34264 1787 3284,7,100483 298 7702 7635 5 29089 27 7861 1787 27 6438 1787 27 59 1787 27 185 1787 27 9248 1787 27 62762 5670 204 63 102 185 1221 37,0
2219,53036 16693,10,109642 36 8160 1707 374 13445 33 53036 3774 2035 24 69151 56552 23,0
2139,13824 3121,2,232 38 98 3121 38 98 13824 27 7107 6355 7590 7 931 27 333 15 554 77 515 11,1
2142,7165 34064 61 5271,3,2819 7720 34064 89 455 2819 7720 709 1414 1605 4633 131,1
2197,2821 84 1227,8,5877 2821 2282 18038 80 84 349 202934 169 2777 322 3767 334 11,0
1825,7512 402 30421,11,379 62 471 659 122 18 30421 19,0
1824,113452 1867 27 770,1,770 2127 819 3176 11 894 53788 10270 1773 4094 77091 11 113452 1867,1
2088,21 21830 32330 4299 507,3,21 21830 32330 4299 507 27 948 29529 15 13508 11,1
1907,543907 18864 6740 498,7,2250 10062 6740 18864 71 1379 1432 70 4192 1087 18864 1304 13727 15 11013,0
1800,503 2637 35973,11,12675 2637 503 8 10181 4497 314,0
1865,161703 295 204,4,6988 10011 2918 27 351 8765 6366 27 941 25234 1727 20653 11,1
1766,2261 54 13480 1306 4409,7,2261 7442 15352 14625 27 54 42608 1306 185 8709 11 45 1703 11,0
1883,295 51346,15,295 18 51346 19 704 2485 14417 4 53409 27 602 52 1939 158 138,0
1593,68243 14871,3,14871 797 10079 675 36 14871 797 27 24366 27 14871 58 4153 27 17 457 365 31,0
1993,83 3297,2,6807 15 83 27 153 6874 18541 37 189 8144 27 6946 1997 3297 31 11,0
1996,4932 791,3,137 242 4514 31 11 791 14 4932 1342 1133 1314 11222 137 242 2316,0
1759,63 571 25745 4787 10,3,224 179 6566 5965 25561 17419 27 23246 47 22 81 571 25745 27 117 11015 58 41 190,0
1863,2684 10 481 100,2,6941 2684 589 299 481 11105 97 15682 37746,1
2218,32505 16563,4,3224 477 6534 39 50055 11333 16563 27 244720 726 63 931 37,0
1507,21887 39 10269 15 7359,11,236 76256 408 15 118 21887 48 10269 20157 27 2 10269 173586 62042 27 408 21887 77 787,0
2070,3429 8 433 2990,3,3429 36 39616 1614 7904 27 495 34 18560 2990 1235 17924 220282 11,1
1678,3804 19503 1885,2,19503 1885 15 96 4319 27 15381 3804 15 483 27 1770 16 63421,0
1644,1055 15 902 10414 21 1521,2,282 561 237 431 130 10414 4251 71 19103 70 36 63 2015 33 19478 584 52 10414 37,0
2006,73610 2120,1,67 10680 2120 27 2 22 1053 1375 73610 27 2409 21700 207 13056 429,0
1681,10930 653 328 3176 3647,6,7891 45548 653 39 10930 653 4671 7891 653 23959 37,1
1674,962 5160 18787,2,923 962 48171 18787 476 2706 1322 769 27 73688 3783,1
1658,588 244270 15 53 10,1,16351 62 844 36 244270 11,0
1651,414 15281 13 50 763,12,351 21 258 414 15281 15 101 118 34 27 76013 30 37,0
2084,33885 394 571 2112 6788,3,2789 6788 255 5285 31 27 2912 4 191 15 8448 27 9246 394 245,1
2159,13835 68 2610 30207,3,13835 68 36 18186 1630 1930 27 1615 33 2647 15816 5270 30207 27 1733 2100,1
2206,440 1377 2388 27339 35,3,440 74 2388 721 1886 18 27339 19 85 156 15 27 726 5541 37858 11,0
1842,139297,6,37008 1920 29586 139297 27 33 15051 256 27 161 44 236 730 5345 1171 33 81455 1042 44,0
2101,12597 9532 489,10,5234 9532 489 7477 62420 27 489 9532 5287 561 62420 27 5287 9532 22762 239,0
2209,86801 12547 10,9,86801 12547 27 450 15 95476 27 167 1197 31,0
1582,592 904,12,592 1371 72506 904 3945 27 296 24173 536 15 13908 27 12 1613 22 41 662 30,0
2041,1121 21543 53918,12,1121 21543 31033 1236 94 444 3050 321 2792 5089 709 145 997 49396 60134 3689,0
2166,293 15 1368 4356 69,6,11057 47 22 854 1368 4356 27 198 233 31,0
1530,51996 4146 15 11397 2220,9,756 284 4146 92765 35 390 318886 27 1367 20503 27 2303 628 15 9711 355 2476 31 11,0
1863,2684 10 481 100,7,4099 481 100 407 538 10 2684 9430 1062 4099 47002,0
1822,17650 39 95131 5387 1309,6,17650 39 95131 15 480 13 1356 31 11 369557 8061 86227 17650 15 18631 27 10819,0
2123,775 8815 5052,4,74 5052 36 5626 173 323 17607 42782 79 1243 27 196 14575 75384 27 10282 7826,1
2236,2833 22328 55 25 35638,2,183 312 5501 15 16162 11 566 63 5501 22328 682 38 2207 35638 2207 8160 239 37,0
2204,440 54692,1,5384 600 2620 345 10402 5403 4200 7497 54692 71 16595 70,0
1835,10345 12016 149252,15,173 102 115604 92 312 2504 128604 3902 12016 149252 44 27 196 958 3233 47937,0
1548,3586 1875,2,1875 2829 3586 16 13 65 873 37,1
1566,319 13560 6500 527,3,319 1515 22877 154 251 1430 5271 1080,1
1749,6540 834 1480,3,6540 834 1480 27 141 48 2072 4934 241 5693 15 11922 27 188 16 10813 3804,0
1885,924 1608 2538,3,96 1608 2538 27 108907 1608 34 6746 103 11 756 38 1608 27 4 41 7 50 239 37,0
2229,45656 6404 367,3,1566 3157 10021 27 17 1869 84996 115 45656 6404 91535 27 2927 4 2122,0
2119,3661 48 857 795 806,9,3661 48 857 795 1737 806 27 758 21800 32838 33012 5598 5276 2342 594,0
1740,288 580 104 510,2,25093 50351 288 510 31 104 580 27 2272 14991 57 1499 3934,0
2084,33885 394 571 2112 6788,6,255 5285 112 15 8821 14307 6788 3306 31 27 8448 829 6391,0
1757,63 6224 87935 852 719,2,114 11468 15 38411 65 27538 30 37 4518 15 87935 272 457 109 218654 262,0
2039,18110 1024 51 121 1836 1083 41 364 251,1,18110 1016 270 74 2219 11999 27 32 22 6166 251 41 364 2185 11,0
1912,87004 5590,2,1279 115890 208 8515 2140 530 181 6724 11 3485 6381 2434 1808 1236 334,1
1989,36175 32684 257 50,2,112 36175 32684 31 409 37 12 51 29 257 2132 27 887 2744 43641 52,0
1789,52686 6730 156131 9021,10,11173 6730 49840 796 18 724 24 11173 46683 2320 23 2850 4551 4010 735 19 2841 6740,0
1582,592 904,6,592 1417 54 290 29 904 27 97 9153 4369 27 103 57 676 745 37,0
1530,51996 4146 15 11397 2220,10,4146 11397 1106 65 37 11397 1504 15 68 118 1195 27 65 5 1346 15853 28141 11,0
1762,63 2814 41 2 28599 411 6,1,28599 2814 13 880 10062,0
1828,11195 70,6,11195 4953 11195 4953 848 11195 4953 848,0
1698,838 511 841 801 78028,3,41879 838 261 78028 133 36 29114 1268 427 2320 408 26 801 73 128 68 27 8966 473 1420 169,1
1665,353 2199,4,1516 353 2834 44 9 15 710 30 37,0
2095,959 8570 15122,17,59529 206150 15122 262 11,0
1972,3002 64 1519,12,17 111 91845 566 1751 15 855 207 17 7908 62151 17 117 12323 1751,0
1984,4308 114593,5,132 59 2165 15 114593 27 56 7459 1247 8508 23574 2578 27 26 5 25 1399 11,0
2240,1758 1253 29283 862,2,1967 1 2450 216 13 12 118 1947 1875 1081 37 431 7132 906 30658 15 11,0
1847,506 3037,2,506 28768 116907 18 373953 6180 13499 19 721 520620 222,0
2023,75787 34264 1787 3284,4,8383 1385 18 15795 23281 148 19 78 78 10973 15 75787 34264 1568 100,1
1748,138 15 13039 61,9,138 270 188 923 320 15 5642 164 229 5514 11 198 108 70626 3688 73680 71 10850 70,0
1596,100228,14,844 53 78 78 4294 100228,0
1954,4398 32575 61,2,18 4398 32575 19 2271 156 715 59456 27 1321 4219 27 614 36 235 3985 8004 11,0
2016,2120 29775,5,2120 752 97 278 6761 2120 27 1056 2120 3412 27 2120 43 15 763,0
1571,47951 1344,8,47951 156 1344 12501 1878 27 308 2696 11737 14 47951 8743 21361 31,1
1784,5842 44157,2,5842 6375 3263 15 44157 33 303 722,0
1804,93 379 1939,16,379 704 388 379 704 2484 18 40780 19,1
2108,21620 30751 15 2052 69,3,63 3851 21620 852 81903 32 1482 8498 837 4544 6155,0
2181,38715 65209 12972 884,18,17863 60 403 731 2172 270 12752 1498 188 8353 6918 769 7480 169 606 35 731 806 5466 24395,0
1717,12505 22299 140527 11648,3,63180 375 13737 459 24 140527 12792 23 1901 1351,0
1511,24997 7391 237,3,24997 184 7391 27 56 3618 100352,0
1932,8 29135 38 3747,3,8514 52 15 22957 1788 25 1120 3747 27 8 682 38 2 235 1788 25 3747 239 37,1
1875,11965,14,316789 20210 47 628 477 84040 15385 3176 11965 78 78 8620 4605 20933 9439,1
1577,38410 105471 705 34028 26 6414 26 4070 15 4120,3,7507 38410 5602 4082 25080 24 26 638 593 23 1247,1
2163,458 116 1620 493 103 204,2,8725 62 116 18 1620 493 103 19 27 1861 1209 14487 40 114,1
2159,13835 68 2610 30207,6,18 13835 68 19 40530 23357 483 2065 1822 27 30207 599 9537 1772 4728,0
1866,41435 12608,3,811 21 167 12608 78 78 41435 12608,1
2065,3429 68 1832 685,3,3429 36 10723 685 2912 11980 2117 27 59160 685 422 5051,0
1841,1444 103724,1,1444 916 103724 43 27 108 31752 4020 1188 2504 155 44 15 2206,1
1796,3526 26282 33078 1604,3,195 64 663 1604 26282 33078 27 1604 196 26 333 4161 27 2027 16 104 10899,1
1827,17149 568 100 4880,6,51057 11 33 4880 3643 25581 15 123 29 93 568,0
2008,15760 7020 15 763 10,2,7020 944 15 27 49 29 438 27 66 283 15760 290 639 27 1369 42725 31 27 4320 860 31,0
1525,1184276 240 10,2,581 36 240 10 27 5922 4397,1
1818,5895 15 59872 3116 892,2,12 227 9503 18 5895 59872 19 77 1467 15 2677 27 513 318 26 166,0
1584,629 1899 143,3,3680 32 31 15 1899 629 40 33 53762 767 11 1899 629 12088 150 118 143,1
2081,4155 1647 2477 2448 245,2,4155 1647 2477 8325 143 4155 1647 2477 5427 2074,1
1664,353 107147,2,8925 677 2881 48 107147 24 1025 148 23 1345 52400 719 2149 303 79197,1
1883,295 51346,5,14544 5633 29149 1244 295 18 51346 19 4318 1393 5693 3196,1
1633,39 3644 208 10753,4,11841 1681 208 480 43 27 182 7 82 293 27 1037 12 51 29 160 15 627,0
1883,295 51346,7,13113 295 18 51346 19 741 96 803 27 4306 67 138 27 12 743 45 126 31,1
1822,17650 39 95131 5387 1309,8,10819 36 17650 48 95131 15 3554 27 14015 21869 7547,0
1570,40588 42093,1,1131 4072 36 2510 787 2656 84 15 40588,1
2122,178124 61,1,50251 36 81 15 178124 39 106192 52 594 219 27 12 8820 1292 1021 31,0
1847,506 3037,3,506 116907 3073 62 18 55639 19 24 82320 23 1283 215282 35 146046 24666 222,1
1709,42159 5 1222,3,42159 5 25589 1222 262 27 151 175 32 22 12215 5 3192 27 77 13 8559,0
1857,1233 1398 16688,9,1233 130 390 18636 31 12570 3598 1879 31 7094 4 14114 31 16688,0
1840,12734 4114,5,12734 18 102044 46942 19 44486 1760 265658,0
1759,63 571 25745 4787 10,1,3102 10 342 36 887 63 4135 52 56 2230 25745 11,0
1812,34924 567 402 10589,3,3778 402 61989 2981 34691 50136 12488,0
1804,93 379 1939,3,379 5692 354 36 2435 33 15316 59 1939 27 47 22 274 848,0
1748,138 15 13039 61,17,25424 13039 3882 167,0
2226,1827 133448 13371 34193 4944,2,28687 133448 13371 34193 4944 3970 128 26105 8487,0
1822,17650 39 95131 5387 1309,13,10819 27 95131 97 17650 1537 15040,0
1699,1036 26 2569 11358,8,1036 21 4021 11358 11 585 2216 1364 27 26 4115 3305 3189 27 474 6694 12143 29504,0
2146,7087 1124,17,18 7087 19 21 62 1901 88 50350 18 7087 19 12442 106217 110582,0
2124,5340 422 47515,8,10831 20331 12840 15 612 37 74 225 5340 13 8463 4833 15 612,0
1901,33585,13,33585 54671,0
1988,925 15 12688 2804,1,8251 1410 36 1065 1901 15 12688 27 22 2247 336 29 1901 37,0
2013,6839 10665 402,2,1154 18 6839 36 10665 19 1933 5978,0
1912,87004 5590,6,1279 115890 2140 1808 70829 454 105 1403 36 8515 1250 530 181 960 3485,0
2160,13835 18186 2956 2788,8,13835 27 40530 2956 1032 3532 18186 27 42 84324 36 22 16 33 7184 30 37 289 2332 31,0
2180,57667 20455 591,3,551 591 270 11421 1597 767 17059 15 655 578 865 3654 5619 68901,1
1533,149250,16,149250 66914 8343 145622 14797,0
1789,52686 6730 156131 9021,14,21 11173 9623 4507 8106 262 2060 6730 749422 5408,0
1921,425 15 1692 1382 148,1,425 260 27 1692 1382 148 27 3886 628 9 15 85208 4954 129 64,0
2216,59661 39 19274,8,47 22 414 1926 19274 39 59661 15 598 87 87,0
1957,3968 122673 992 39,3,3968 9039 27 122673 992 1516 38132 345 30 37,1
1901,33585,16,526 4058 20788 27 8342 40 33 12 73 29 429 59 45083 27 9 33585,0
1917,2718 7684 249 1938,3,249 63 5665 7684 15 2718 42063 37 2 34 3852,1
1629,103047 89 105,1,5475 26131 564 23515 288 103047 15 14801 631 11,0
1825,7512 402 30421,5,30421 116364 768 45 8194 31 162 2741 2746 20865 176,0
1673,9559 402 1023,6,9559 402 36 1023 836 89 1611 11 13 31 235 49705 117 858 5722 11,0
2224,65520 395897,2,4 26 12575 568 1194 622 27 29512 541 44772 46789 35 49 44772 5494 207 16927,0
1590,349 170083 133 17302,4,349 170083 133 415 27 115456 7105,0
1886,700 16739 27155 9552 10,2,2461 8688 5204 15 16739 27155 71 68 70 103 1164 8 3994 28313 2358 542,1
2252,4340 834 9559 149329,2,9559 402 4340 834 36 708 1584 27 2943 177910 124117 11,0
2056,90 42013 28,10,85 90 224 3803 27 285 5793 288 638 266 2083 32 38 333 457 10792 11,0
2111,120705 51000,12,120705 137844,1
2211,53798 3229 19407,1,53798 9 1195 15 3229 8201,1
1758,63 54 5500 11169 1394 15 6154,7,5500 8 11169 6154 37 632 11169 6154 3038 79 262 11,1
2210,2883 6788 61 100,1,688 26 207 1030 15 3833 30867 6788 27 555 15 269 191,0
2062,10393 6432 4287,9,14672 10393 27 6432 5950 29208 11,0
1579,3439 10 1098,6,188 132 21 533 15 45127 1098 12 494 25 978 22 26756,0
1701,1036 9962 185 13 10140 15 131,3,1026 357 39 5945 27 25 1135 1036 147 10140 27 1036 9962 185 13 10140 186 131 37,0
1582,592 904,19,592 1371 3793 27 23849 904 7609 3945 27 4382 4322 11276 537 19994 12113 1039 15,0
2119,3661 48 857 795 806,2,857 644 4783 31 24 648 29 428 23 795 806 602 5207 860 27 3661 72 575,0
2132,1174 4764 46164 7189,13,1174 870 4113 46164 7189 711 697 4113 1073995 163148 711 15502 15424,1
1615,15927 197,2,109134 27478 197 92 36 49306 492 1648 68650 1456 15 46 18 45271 68 1648 19,0
2126,114911 57161 3864,2,3255 18 57161 19 1283 481 36 114911,0
1862,14905 11648 26 51 468 177 43,11,588 36 7024 574 14905 1752 12531 468 28612 187 3797 20546 80,0
1576,14331 523479 208586,4,14331 31609 5240 4462 39 60605 2384 629 5568 1440032 152 1330 178685 31171,0
1517,27610 385 378 204,3,24247 5633 600 1653 43888 24 5719 2627 23,0
1648,202503,13,202503 36 953 17520 36722 2852 124764 205943 49601,0
2227,8011 9808,2,8011 36 9808 8011 15 438 45 12338 27 46399 97 4891 15 25983 52048 31,0
1749,6540 834 1480,15,6540 397 89 834 1480 27 5306 35 7657 35 1885 18534 8083,0
2106,38122 7686,2,1737 60049 9 6122 31 11 33 38122 265 27 40 9 289 7250 31 162 37,0
1804,93 379 1939,8,3888 3990 36 2435 3408 32 167382 6 44899 7795 1939 11 77 2727 27 3173 162 11,0
2095,959 8570 15122,13,10907 1847 8570 79023 167324 94496 45129 4064 2698 2837,0
2194,407 2359 1797 87037 2068,2,10220 11543 2359 87037 57820,1
2009,6963 406 6594,2,439 6963 406 161534 240 17878 1215 554 4989 17344 1824 9391 10194 188 5511,0
2052,66989 919,12,63 919 197 18 66989 19 33 5596 10606 150 3 10605 37,0
1855,11680 136 15 4383 338841,9,959 601 277 3580 18 11680 136 15 4383 19 862 27 126 1796 11 382 97 294,0
1887,700 16934 7994 5522,5,7994 5522 43 216 228 9805 899 27 209 637 1586 532 38 214 265 2060 2045,0
2107,2585 884 41458,1,2585 24 5830 23 3475 41458 645 177 27 24 18326 593 23 13893 13211 807 7786,1
2091,89 26859 10,4,2507 36 17131 1500 5478 893 26859 4397 1879 3723,0
1963,4057 4068 2657 15 3439,1,3026 738 1303 15 6002 27 4057 229 31 3761 132 59 456 15 3439,0
1931,8 477 70789,3,3445 1166 15 70789 27 8 272 15 83 40 38 54 31 37,0
1512,210724 6085 148,1,252 260 36 175056,1
2098,517 1019 3030 11385 4070 723 574 10127 272319 8571 57388 1097 11226 15 990 44722,1,4901 11280 36 6472 10127 12662 733 10090 15530 724 57388 91 2070 15 10090 6815,0
1693,2118 6904 162 28 13855 10,4,340 13069 3850 15 13855 11309,1
1916,78877 13982 24617,3,316 3834 5608 4379 4441 913 27 78877 18 13982 24617 19 279456 68 5345,1
2124,5340 422 47515,7,74 63291 27 18160 4437 47515 2889 80 27 5151 30 37,0
2210,2883 6788 61 100,6,2165 15 6788 6006 100 27 73 501 25 571 333 27 112 66 352 398 190,0
2139,13824 3121,3,278 1027 12 73 1094 3860 27 10405 5104 27 829 115 503 3121 35 13824 40 7451 162 11,0
2132,1174 4764 46164 7189,5,29462 2687 6759 32506 1174 103358 4113 22527 870 16032 46164 7189,0
1783,232114 547 75253,5,232114 36 1485 986 9862 8898 97 5799 104 15 6266 326265 27 1125 23192,0
1865,161703 295 204,2,295 18 719 520 333 19 13974 1790 277 31,0
1900,28504,11,3775 2961 1550 9 31 8038 112 1343 379 28504 50768 2874 24538,0
1517,27610 385 378 204,4,85 12158 378 27 27610 66 691 1980 2508 2224 30 37,0
1766,2261 54 13480 1306 4409,12,14271 15 1513 6369 341 2261 27 548 1306 185 20728 15 2261 27 758 986 6388 3739,0
2029,4484 2976 7863,1,4484 285 7863 6230 3813 5153 27 9329 27 9199,1
1507,21887 39 10269 15 7359,6,20357 6319 275 10269 20157 27 21887 602 32372 54 8389 21459 10269,1
1845,6286 15 2089 187 921 15 52,3,6286 265 3967 921 314 4763 34 4763 16629,0
1906,143948 712 1403,18,143948 24 4456 1855 23 32560 14810 31 4588 1922 11,0
2137,5243 512 385 19153,16,12493 443 381 385 19153 40 954 214 113 16209 11,0
2177,5686 7967 10 100 3437,7,340 5686 44521 10331 1598 7967,0
2003,601 49439 1171 21322 11604,13,743 36 18 29677 35328 184512 19 27 227 126 15 3801 116,0
1574,114237 48 144143 197,11,114237 48 144143 6911 27 8176 102 30278 27 35812 102 51479 1369 27 66786 14943 102 71226 14943,0
2250,3056 43 15 9081 27,2,3056 43 15 9081 71 1431 13242 70,1
1826,124235 613 63 665 2634 1161,2,1161 39 2634 8 665 82 2467 37 963 1575 118 34842 1320 7959 27 42 255 98 1121 11,0
2084,33885 394 571 2112 6788,12,19299 6788 15 383 352 342 27 8448 829 6391,0
2152,8382 3959,5,3959 1194 7812 27 7521 72 8382 7742 21911 19607 2209 3978 27 9 44 4737 26387,0
1604,2474 62190,5,33 17785 59 436 1564 62190,0
2230,11830 11788 147 1942 12215,13,11830 11788 553 1942 2406 53091 27 50702 27 9199,0
1631,2461 13691 5252,7,3618 2095 36 5475 3210 104 15 4338 27 514 2163 15 104 27 2461 13691 27 2210,0
1825,7512 402 30421,7,170 7512 402 171 17 15 3986 13 9137 11022 1084 16 4872 354 311 157 77 1947 11,0
1661,4318 626,2,285 5517 328 1345 11 200 3979 32 3104 35 1345 35 4318 87 87 626 77 3639 11,1
1806,93 8794 274 15 965 383 34 1033,1,965 383 34 1033 36 25656 12040 93 8794 14 29371 36 6090 4499 8516 14635 409,0
1827,17149 568 100 4880,3,8467 155 169 15 17149 27 129 33 4880 2186 20293 1212,1
1868,6756 12706 111254,3,6111 2867 8948 28872 29290 245 36 111254 1232 12706 94598,0
1903,2736 247 27856 39 6333 15 105,4,401 28192 6333 39 27856 7367 1094 6769 15 338,0
2052,66989 919,3,18 66989 19 115 450 15 653 2320 27 5040 2047,0
1900,28504,12,10266 6537 4853 1327 28504 1022 150 4639 55404,0
2102,13 50 2707,5,7844 6208 11 18 36948 19 413 24 9621 3928 23 156 6682,0
1852,6804 24914 50904,3,5217 6804 81286 1427 7469 59 15 215929 1427,0
1767,14545 402 6044 4346 11752 3384,3,14545 6044 4346 11752 3384 13847 632 5462 11 10263 5462,1
2219,53036 16693,1,8160 1707 36 13445 24 19895 48321 23 592 61129 27 14382 1176 53036 4727 15 1867 12201 163113,0
1800,503 2637 35973,13,8090 2637 88 503 50328 15 30715 1984 423 63 210627 35973,0
2261,178611 10,9,603 361 15 15928 484 3235 37 30755 47 22 698 15 53 27 866 3689 35 1056 322,0
2051,5376 2594 72006 3859 486820,1,1088 5376 36 9730 4523 414 11083 1805 30349 14617 24 11902 369 23,0
2017,3364 1391 7475,3,2449 653 1244 688 52835 789 260914 162663 114772 423 136984 785 1151 1492 1030,1
1708,107724 10589 31741 10,1,8198 27 16302 89944 3769 15 4252 1195 1156 27 20030 12488 107724,0
1550,3673 208720 704 342,2,379 704 18 3673 11 125699 19 13872 704 388,0
2154,3274 994 26754,2,28651 753 3036 208 27 31786 5552 75 483 994 26754 11,0
1621,31144 5538,2,1910 31144 5538 15 5142 376351 3233 11788 126515 58 64457 15,1
2224,65520 395897,3,67894 29460 22227 568 13 4387 11 695 19462 1194 622 16927,0
1739,181 2785 469,3,181 2 99 621 8228 104 2415 27 2785 469 72 365 57 39 329 1199,0
2074,1635 733,6,52176 34 11 76 2789 3160 52176 1966 1543 733 952,0
1958,7895 6754,2,28 2012 4138 216 115 2291 40 340716 31 11 10528 7895 36 12 40 45243 31 162 11,0
1871,49090 2429,1,2429 1600 1246 49090 50101 62 2159 111186 193253 9171 448,1
1949,12890 1299,8,1036 13362 6018 561 1299 27 1687 1657 27 1655 345,0
2192,196867 7399 30193 1324 15 9600,5,13 2855 80 3059 726 98 1126 15 3839 709 239 37,0
2082,19873 1077 19107 809,2,90 19107 39 17036 402282 27 32810 1119 27 602 8621 11,1
1828,11195 70,1,4988 16 24 93 20491 23 27 72 9636 2159 24 11195 23 15 28,0
1795,267 2913,1,267 29753 3523 27 14645 2913 27 39696 18133 4564,0
1898,1630 2538,7,1630 143 2538 27 85698 683 411 1565 11 1350 32 1350 3609 11,0
1565,51788 109 17177,4,26142 51788 21550 41 4872 30 37 1037 33066 360 1357,0
1900,28504,19,1494 646 27 91 1164 18225 27 674 15 28504 27 121408 44687 52 4252,1
1680,13866 17185 8149 507,4,47 628 328 2068 27 7363 3922 586 556 84 13866 2400 17185 2740 46461 5060 15 2068 69 11,0
1530,51996 4146 15 11397 2220,4,4146 483 11397 409 37 47 22 1730 11397 15 93 878 37 2 1346 2733 31779 30901,0
2251,3984 31449 8782,6,3984 36 31449 15184 54 5780 3455 8782 27 331 1190 113 1588,0
1575,735528,3,7858 735528 36 4540 2 230 71034 15 115773 5055,0
1559,56850 25741 24767,1,33 25741 7137,0
2137,5243 512 385 19153,6,397 12365 20735 89 17087 27 20735 81 954 27 82 4431 34698 11,0
1568,319 1515 378827 1430,6,23628 147 22 2567 1515 378827,0
1633,39 3644 208 10753,9,7358 208 10753 43 27 55 13 201 2964 44707 27 119 288 5007 31 6192,0
1625,3972 27 110229 27 7087,4,3972 35 110229 62 18 7087 19 1955 27 32470 30502 27 3972 222,0
1883,295 51346,18,89 4142 156 295 18 51346 19 12 2336 116 45 126 31 27 13974 1790 146 138,0
1564,3728 402 1290 3121 6727 11,1,874 36 1290 10966 6727 27 3728 255 1376 58 109 8187 15 5214 54099 11,1
1939,8 42 761 21325 186 458,2,10061 274 42 111 190 15 116 18 21325 19 27 196 25558 25558 25 280 240 31,0
1938,8 104 7 7386,6,127944 702 296 13967 27 104 3352 405 7386 27 1991 40 11356 113 191 15,0
2158,13217 54 50 2537 52,6,13217 30879 54 50 2537 52 37 166 236 1748 11320 27 106 22918 111658 11,0
1975,770 572 38 19379 30,1,874 36 22525 190 2269 406 6085 20066 24 572 38 19379 23 342 27 484 4629 2990,0
1761,63 114 419,2,63 33 10253 114 160 1096 15 419 37 786 12 123 29 4915 27 139271,1
2024,30334 88332 14 341,10,30334 36 1831 599 7498 11 88332 3166 5963 1976 11 28813 8732 10857 31,0
1547,4844 7 24904,5,14709 405 6070 1628 23849 24904 27 120 4 138,0
1593,68243 14871,2,2089 68243 33026 14871 15 224 27 318 22 5512,0
1548,3586 1875,3,4241 47455 79 1875 27 3586 16 6961 4945 27 2430 2043 111 1543,0
2039,18110 1024 51 121 1836 1083 41 364 251,2,18110 1024 2407 27 1083 41 364 251 37,0
2050,20766 15 5917 951 273 265,2,33 20766 15 5917 27 951 31 2089 1017 3012 26 1217 265,0
2242,15208 7579 1622 433 9850 250449,1,486 8957 1318 5180 198132 209376 2889 15 259816 3091,1
2209,86801 12547 10,7,86801 17105 8 17105 2163 239 27 1037 236 18453 1056 15 14021 125 15 14109 1284,0
2125,4170 43537,2,43537 151757 38125 172348 11 10070 141 5973 24 93 17955 23 40460 11945 11,0
1783,232114 547 75253,4,232114 36 107773 39 1485 40 1586 836 5526 536 9862 8898 97 6245 27 836 8407 198 7901,0
1811,5089 69631 1038 4080,1,33 74 50 40 13 27 247 5089 22551 48 69631 3185 3306 27 12 554 151 109 15,0
2257,39156 2536 1286 13 1495,10,4129 1017 1286 2536 120 13 1642 27 88427 199 1360 12 970 1547 27 656 333 4 2536 4 1286,0
1705,17328 547 4275,19,4275 6253 18 17328 19 33 934 17503 63 27 22 8 919 37,0
2200,3655 45827 27632 883,5,152075 27 167 1707 374 24 3655 45827 15 3980 30827 91 2160 15 309 5784 23,0
2089,21 1950 2859 15 25963 28740 992,11,85145 233891 27 41 2 22 11735 19216 27 3370 2013 25963 122 2859,0
2500,7469 59 15 20 1301,16,1301 8680 2696 25507 18 7469 59 15 20 19 27 231 2 34 9473 27 266 2470,1
2451,22156 13276 1545 251,3,3432 1486 22156 13276 2209 993 131 27 3372 21 191 27 689 19848 332 5689 36 130 4021,0
2914,38 68834 2303 22 42 864 198,4,1367 54 4393 9641 15 257 31 27 198 103 12 51 118 3668 15 477 727 27 22 2574 31 30,0
2949,38081 116 9417,5,116 18 38081 19 27 222 36 9417,0
2722,17004 3238 427,4,9764 969 427 541 2107 27 17004 3238 427 27 1273 259 43129 2398 3601 10840 618 4421,0
2962,110 34 55 9515,5,1231 3184 13 1967 169 34 958 85 9515 32 31 85 41 11783,0
2986,383 1005 2442 2174 12003,4,2097 383 1005 71 185 70 4577 2174 71 19062 70 60280 27 1331 2097 15 38571 11,0
2912,3481 4213,1,22 2043 25 10412 219 37 3481 4213 10865 27 565 213 36 102 27 158 10412 11,0
2798,60 28680 1779,8,60 28680 3074 2636 2283 1705 2031 36 20 1019 1388 310 1779 1991 2878 1316,1
2295,171024 146464,10,117502 176 39 146464 3813 3801 27 24199 38742 15 9790 36 22 1892 92 490 239,0
2421,1165 10067,3,1165 10067 3241 2281 27 198 3914 262 2 2435 571 29 25927 10067 162 11,0
2394,43007 17083,5,4189 478 15 43007 17083 726 1778 12 426 1091 11,0
2943,20 34333 3940 2241,7,48304 1916 44565 27 85 399 35182 11953 787 27 311 14 810 8180 31,0
2918,38078 24386 338,7,12159 267 15 38078 894 2115 338 27 6278 22 1194 7,0
2276,13553 649 252,4,571 131 1662 36 19548 15 8135 792 260 78 14773 13553 175233 14882 48363,1
2884,18 48355 19 222 298 9417,6,116 18 48355 19 222 36 9417,0
2793,397 1549 5834 14231,4,397 1549 5834 36 76289 81499 18 99099 19 7181 27 176 668 5987 31,0
2480,1117 92 2206 4292 51 118 34 10,1,1117 1429 110 92 7154 2206 4292 25 1053 16 548 12962 31 37,0
2268,587 32183 33 173 1296,2,24 587 22 110 16352 173 1296 37 23 1248 173 15 1658 27 318 497 389 11927,0
2531,1521 1093 65546,3,65546 18 79875 19 11856 36 12435 83980,1
2438,62 240,6,62 240 4011 447 1221 27 289 144 221 24524 11,0
2859,25768 9318 3115,1,4248 36 56 14 11081 15 3115 27 286625 2700 20677 3727 1497 647 30971 7143,1
2889,38687 3182,3,141 29588 122 796 141 38687 3182 27 176 3563 10547 707 5885 11 2062,0
2267,273 1829 15,17,22 10055 18703 30 37,0
2454,13659 43191,18,11712 43191 715 13659 43191 4187 6 17554 20945,0
2271,534 22483 10,15,508 22483 708 27 12 530 534 109 219 27 494 2373 11,0
2268,587 32183 33 173 1296,3,24 587 27 22 110 16352 173 1296 37 23 85 173 15 1658 27 1888 2401 772,1
2938,54368 7778 125 2249 10,3,54368 34747 125 609 21922 27 52 5345 436 661,0
2691,8436 70759,4,560 15 8436 130 1039 1862 11 20170 70759 2710 128 4493 2493,1
2829,37825 4987 780 921 15 699 63 37,3,8607 15 2607 136 27 537 8965 37825 15 699 39 604,0
2314,272 21522 17882 42 2040 11324 131 4562 30 37,2,21522 6649 2461 11324 131 1555 359 27 7661 42 111 10131 15 2873 843 11,1
2474,28825 498,17,74 4952 11 3811 2961 3185 12227 24 1290 3847 23 28428,0
2309,7863 4484,7,11974 4484 1215 84 48 7863 1784 586 2058 9599,0
2540,4538 8 656,20,3997 8 656 120 37,0
2796,600 3188 10423 1653 367,1,3188 4880 26248 14118 367,0
2438,62 240,8,1588 62 240 4011 36 2727 4 1903 27 1527 22 289 144 31904 3285 11,0
2589,132523 22418 931 84 5615 2582 27701 13 26 4013 383 31218 875,1,22307 36 302859 4013 1437 8524 42300 31218 167 2094 1811,0
2649,87224 1563 414 15 1921,4,351 54 4253 39 7607 266 1563 414 55 182 37 49 118 763 19378 27 1272 45 1638,0
2653,30572 434,14,63180 3843 2222 26 2222 27 493493 1058 4002 1077 27934 3677 44418 26242 68491,0
2438,62 240,10,21 62 240 15 966 27 1542 14918 75891 27 9598 22 15 9358 11,0
2826,101 1 6537 8991 637 9394 186 231,2,24 142 79 50347 15 112 11 23 27666 134 1 6537 8991 14800 101 283 27420 159 6828,0
2342,369 4576 28 17542 10,5,28 14 43929 17542 2357 449 5214 129 2853 446,1
2530,22907 5647 59297 498 116,10,283524 18 95005 4237 16080 5647 19 7125 116,0
2447,839 11639 5985,5,839 1552 4000 29 2173 40 7 827 15 835 27 22 3113 155 11639 6 5985 30 37,0
2942,20 870 137,3,4504 24 20 870 137 23 220 11 150 279 148 32 3533 729 20 870,1
2919,7653 59 157 13 2195 1794 30,1,132 59 157 13 2195 1794 30 37 3504 331 81 2368 11,1
2614,1318 66083 2895 7765,1,2895 7765 66083 31 911 27 42 41 7 67 15 9556 1318 30 37 646 36 32 6211 532 912,0
2345,160 46 949,1,247 160 39 46 7992 949 15 855 536 33 106 3547 50,0
2919,7653 59 157 13 2195 1794 30,6,12 132 59 157 13 2195 30 37 1288 637 2454 13 2195 15 1794,1
2979,98 66858,1,28 108 15682 98 27329 27 930 16 29 369 74369 27 13 9659 32 31,0
2510,14749 459 2530 38113,1,110323 27 106380 11 14749 459 2530 38113,0
2708,4522 21182 634 2585,1,7843 4522 21182 36 4522 21182 79 70988 85424 634 27 579 513 70020,0
2863,138360 24271 51 5454 31 4062 5335 409 37,6,83 5335 5454 8 6186 37 47 22 825 27 255 36041 27 7316 1247 11,1
2583,27873 15 17684 221 9809 204,9,221 9809 780 36 11022 9 7 1771 9948 27 196 72 11398 31 66 29 6327 37,0
2835,7481 21861 7297 2710,7,69481 578 21861 7297 2710 870 13661 36 48 3841 10492 37,0
2750,768 10 379 848,7,22170 15 7200 2488 2112 819 848 379 1392 116 3888 2586 743,0
2780,2654 2825 10573 9814,2,2654 1214 10573 383 4070 27 8880 50777 15 275,0
2441,18268 136 15 7243,3,396 9265 65869 6538 10734 4790 7243 590 143 839 396,0
2421,1165 10067,7,16764 2156 1958 2599 3699 122 1165 27 10067 24325 1648 207 27 4958 13240 2412 328 3458,0
2790,68 1377 3147,18,1377 3147 18 5345 15818 19 68,0
2649,87224 1563 414 15 1921,7,87224 1563 414 15 1921,0
2431,380646,6,380646 28069 31818 37895 15 9679 27 6292 798 14563 1904 795 27 42 6763 3870 346 9572,0
2375,2927 221,4,221 84 22 13 50 2927 15 1642 37,0
2816,49694 14207 1351,18,36537 49694 14207 62562 1252 71 2244 301 29 354 70,0
2666,147470 52014,3,8 1216 27 630 3210 2701 15 147470 52014,0
2536,29705 51158 116,5,29705 1234 21267 1455 274 1584 27 51158 38 1496 2778 13076 2302 504 66 540,0
2931,3495 2789 12432,5,2789 3160 27 209 3495 13 113 65 4054 399 27 32 1839 11,0
2374,212 4006,3,4006 81700 7993 212 18 221 3456 19 27 289 1197 448,1
2594,30971 3558 720,19,4248 30971 3809 2165 720 36 624 4217 49 7030 27 327 6067 38 1021 2870 11,0
2594,30971 3558 720,16,4248 30971 20250 8 1234 720 2555 237 423 2605 4842 2260,0
2903,259 125 21912 4 21197,2,27998 1307 27 1167 42 390 27 26154 670 142 6165 27 259 125 21912 259 125 21197,1
2836,2061 12190 4855,1,6 451 11 18331 1534 12190 2061 27 2 112 2805 190 24 11778 23 15477,1
2292,6865 966,5,200 6865 18047 1937 875 450 15 12546 4261 62830 27 559 2508 15 1000 11,0
2364,26937 21 277 1029,1,206934 18 26937 19 1246 395 277 11 1071 438 668 27704 11 28305 70524 7569 24 1816 23,0
2513,794 30563 272 251,10,207 9560 104140 37 32058 188 792 154 79159 27 86 36 794 886 5984 15 1074 198,0
2606,70334 15964 893,9,3540 1154 15964 36 17663 89 70334 88 14658 1361 27 1552 4 208 27113 31 11,0
2451,22156 13276 1545 251,7,1486 22156 13276 1230 5257 2528 37 1037 5468 332 2824 2433 1357,0
2932,3495 2140 397,17,577 10231 10890 2140 5050 1808 150192 3495 1631,0
2560,14031 5166 1529 237,4,303 14031 5166 1529 13935,0
2295,171024 146464,1,24199 3751 146464 41 285 104 6127 27 156970 15 2812 146464 11 45 5709,0
2454,13659 43191,8,11712 88 165852 33424 2989 107015 10988 530 2107 13659 14 381 1528 259 1186 78832 43191,1
2983,1679 1345 16024 39 494 16024 15 598,9,1679 6083 16024 35 5897 16024 452 27 60 22 433 31 95 27 177 452 16 95,0
2808,76 7718 8178 2878,6,753 831 11 25796 36 76 7718 8178 11481 1529 2878 237 11439 11,1
2369,141577 186 13141,1,2519 5807 86062 27 55 102 674 4685 50 2991 37 646 164 92 31 3421 11,0
2606,70334 15964 893,5,3540 1154 15964 36 70334 4842 331 574 31 27 38 117 395 1709 15197 31 11,0
2900,38310 1533,4,38310 1533 24760 11772 91 52515 435 37640,0
2801,60 127 8807 4567 10220,6,605 73838 1443 27 779 60 127 8177 27 235 39 10220 8 408 37,0
2832,1909 7236 39 1942 134,4,12546 288 1107 134 882 2340 1930 97 1942 5919 27 86 15140 52 7236 205 7594,0
2466,28 11975 204,6,28 2279 3488 11023 502 11975 27 196 1674 114 43 216 87 87,0
2644,31322 6055 8 656 37,4,656 31322 6055 10532 12726 7848 2377 15 143 40 952 53 67 120 4 1138,0
2640,249 62 212 985 98 21784,7,249 315 62 581 212 1156 71 3246 35 161 4062 70 27 175 15 412 1011 11,0
2966,1137 68243,3,175 998 157 3470 27 22 166 5514 27 17 822 38 55 1137 963 391 797 31 11,0
2936,84 32620 52 58196 5843,4,20 3911 8340 40096 27 1861 10637 15 44 15 766 11,0
2416,68628 2850,2,141 903 68628 2850 494 27 3713 6648 518 29498 27 136050 822 268 1451,1
2835,7481 21861 7297 2710,8,7481 2710 1405 1938 36 102 21861 7297 870 291 64 67234 27 102 9589 9083 38977,0
2906,1344 183491 8057 595,11,1344 6149 72508 45024 2153 66 5559 595 36 2842 9780 128 11219 17446,0
2563,38218 17532 1276 9387 35 1609 392098 1826,1,440 9778 35 13736 35 19132 259 677 6133 574,0
2645,31322 6055 2165 53,1,656 31322 6055 10532 12726 7848 2377 15 143 40 952 53 67 120 4 1138,0
2360,1143 120546,3,57604 15 1143 39 120546 1583 31 27 12 5135 58 45 1023 31 219 11,0
2309,7863 4484,5,4484 5076 7863 46084 27 978 110 102 17 9738 27 7863 36 22 110 1106 1191,0
2489,33907 2157 1871 6483,2,195 2785 33907 1950 31 8819 27 9938 72 183 31920 6483 27 915 1860 27 7543 99,1
2690,13823 15 1034 10612 25040 3 10,2,1184 1034 36 13823 12040 18 446 458 37153 19 166 575,0
2887,26 967 2848 60639,8,15785 133 54277 1000 39 965 25954 5458 60639 54277 4008 25954 6 10035 955 12464 207,0
2717,4521 259141 862,17,21 44102 2951 13669 1496 37 18 4521 19 1784 1727 2737 259141 688 3925 4963,0
2489,33907 2157 1871 6483,6,25368 599 33907 27 6095 33 4679 1042 27 4903 13 3016 6483 11,0
2505,8516 5 54821 68300,4,62 48239 27 2036 84 68300 9897 1385,0
2309,7863 4484,13,16358 6743 36 4484 39 7863 726 1199 11 7863 289 31,0
2730,12742 5030,2,6261 590 6727 36 44683 25653 1825 12742 5030 27 1518 43 21899 3180 11,0
2483,1007 2161 6604 1358,5,22770 4029 2462 35643 34894 1358 36 12732 13 52 15 3938 2724 4649 42 864,0
2589,132523 22418 931 84 5615 2582 27701 13 26 4013 383 31218 875,4,90328 5379 11830 2614 27 6624 8280 1709 11 36769 62 2055 785 3830 2193 235 17394,0
2574,29965 173 1792 558 7879,3,29965 173 57217 1792 558 27 1122 57 285 173 3389 29631 27 20186 2221 219,1
2545,220417,17,62 509 36 18 220417 19 57527 4527 27 5533 17 4964,0
2482,190623 7171,3,7171 240 509 18 190623 19 2628 807 762 289 40968 1409 11,0
2278,754 202975,3,143562 35 754 78616 16 24 6202 23 9511 21991 34,1
2800,60 127 7478 55730,15,397 127 7478 17883 75 2533 15329 13749 75416 1414,0
2864,144530,16,144530 16824 59 2038,0
2467,5290 10 819,7,28 48 6715 10551,0
2398,4548 8 55 14624,6,4548 1529 407 14624 409 37 236 1700 47 22 327 155 11,1
2511,4100 43290 96 2002 5848,2,4100 12501 5848 2357 156 27 23963 25 14 18212 15 152942 20148 31,1
2862,59498 9050 4657,3,188 792 154 5617 3881 80 11118 1121 25481 595 1041 134 3 4183 80 180,1
2967,6113 26267,1,6113 18 26267 19 492 30030 130 126 11,0
2560,14031 5166 1529 237,3,8046 6305 303 14031 9596 1529 2878 237,0
2790,68 1377 3147,2,1377 3147 18 22797 22943 16196 19 4039 742 130 5709 11 68,0
2432,20274 7690 60,4,35016 16184 600 28565 20274 876 7690 31,0
2467,5290 10 819,3,4667 18 5290 19 48 25100 4229 819 6 641 11,0
2897,569 1589 15 2508 295,13,9115 222 18 569 16472 2508 19 67 2688 996 501 295 27 126 146 138 11,0
2423,7207 5535 26560 61,5,3084 4072 36 20348 5535 26560 27 157 3975 31,1
2897,569 1589 15 2508 295,1,295 18 569 1589 15 2508 19 27 393 1740 438 2890 3196,0
2655,11272 122 50237,2,102662 36 61497 39 1684 10739 382776 248954 27 29831 212550 11,1
2727,2637 3208,1,23115 1104 27 5138 2637 894 81764 3208 27 22 48 5661 14309 8616 3208 11,1
2717,4521 259141 862,10,18 4521 19 369 1929 2049 27 19187 40 289 2332 31 27 7441 40 2328 2 44 520,0
2304,439 1201 2349 1612,4,439 9190 1612 623 245 2614 2676 12717 6173 2536 7760 6908,0
2504,19646 6224,2,73 279 2051 19646 6224 148 27 41 8756 50398 35 57688 27 25 268 19646 11,0
2414,104297 2372,8,2187 2372 23169 15 42544,1
2920,132 59 21 1023 15 0,2,132 59 21 1023 15 282,1
2275,189068 122 458,10,12208 227 62 741 18 42354 19 36 45 126 31 27 2 34 1169 166 1807 11,0
2728,7289 54511 3091,3,4195 7289 1154 36 32898 2501 131 54511 3091 245 27 3123 86023 25601 28847 215 32898 2501 131,1
2762,26303 464,15,26303 64 464 83474 31761 237,0
2753,904 8 5 13422 345,18,917 92 36 26405 39 40538 40 312 5 37 646 36 81 5 13422 345,1
2443,839 240 588 5109,5,240 12939 1534 5109 36 247 770 951 839 590 27 12 12806 6769,1
2278,754 202975,1,754 754 390 78616 8 1720 27 67 6609 69,1
2777,123 43 718 47738,1,6134 47738 2138 18 14211 19 27 481 15 3412 45 534 31 27 4385 11,1
2484,14134 332707,15,198 824 1878 270 41911 89789 161561 35387,1
2651,7881 3229 10,1,2048 115 64719 21820 20215 136 27 64719 15 3229 34792 2110,1
2397,6104 29451 3501 13770 2281,1,6104 29451 3501 1529 2204 2331 7059 3501 37 18934 119 835 27 2 22 101954 51207,1
2990,72526 2223 25300 68694,5,14068 12365 36 25300 17482 68694 74 5684 478 41913 121394,0
2622,19130 14655 5177,12,1105 345 8212 16 10320 33 2269 169 1303 17701 15 27 14655 9315 27 3545 58 14 683,0
2547,32366 43947 53021,6,32366 2396 10492 43068 3179 3040 24 43947 23 1569 159 31 24 53021 23 15 27856,0
2317,96610 11919 4607,6,809 824 96610 11919 568 16 4004 27 68257 909 3701 1834 4269 11,1
2835,7481 21861 7297 2710,2,69481 21861 7297 2710 43 22609 934 23331 1733,0
2414,104297 2372,7,2187 2372 63 16224 1448 23169,0
2554,610 789 42722 652500,10,43386 4175 46276 27 25458 9400 43386 33909 158 3889 27 1201 33266,0
2740,13927 128437,7,696 15 13927 128437 27 26125 1166 219,0
2963,110 12440 8719 13141 65,2,880 1443 15 9149 3475 25 1026 14 12440 365 30 37,0
2658,3592 859,15,887 1166 78 78 3592 11246 6 2260,0
2441,18268 136 15 7243,1,839 36 21 258 18994 2489 1645 15 15686 37 17104 268 6028 27 12 115 1645 21 258 18994,0
2323,27899 736 2271 245,4,823 2874 33 1179 15 73 1085 27899 2271 27 4730 2171 1615 38 1438,0
2745,1702 1304 438,3,1747 1269 1702 27 18 7666 19 5907 388 3196 27 1360 478 438 4254 2408,1
2358,781 9413 354 10 204,4,781 9413 36 5566 12643 24 2337 1845 534 23,0
2642,215487,19,46684 5740 21624 27 291 59 215487 398 1033 27 50 3754 37,0
2401,22749 217166,4,22749 27 217166 15 102117 4746 16 22166 148937 37,0
2402,9695 89300,11,9695 119 2517 75 14 953 356 11,0
2856,236096 332 188 14967,2,3836 125009 2024 131 1351 27 332 292 153 1230 5257 98 11,0
2454,13659 43191,12,43191 78832 13659 5189 1466 193 10069 81689 2989 107015 10988 515 448,0
2969,4446 819 834,3,4446 819 36 4446 538 2228 2651 61871 27 8980 6347 12775 14388 15 30226,1
2331,54 12604 101923 409,3,12604 54 202 24 101923 23 37 153 16 997 15 231 151 12604 15 231 37,1
2737,13275 36054 4674 237 87600,3,13275 43 36054 355 4032 18225 37 1517 103287 5883 15437 8704 11,0
2583,27873 15 17684 221 9809 204,4,221 9809 123 36 2386 584 16538 1614 27 280 266 9433 17684 11897 11,0
2806,76 18 30666 507 19,1,3904 270 20 27387 18 30666 507 19 3637 76 66 187 66 137 180 9810,0
2818,3189 15 192 36834,4,518 3189 1310 2 98 1253 3643 35 13 5337 15 192 27 10417 6197 15089 43 1537 12 3365,1
2960,50546 2040,2,98 1035 43 183 50546 409 37 3508 131 108 17882 1516 30,0
2575,114557 12227 1256 299 10,2,2549 114557 109456 11 13812 162 12227 11 136922 128 21940 211878 576 64860 40 41 1418 11,0
2978,15188 112510,7,112510 814 270 209 15188 42 109 81 112510,1
2768,48367 11729,4,17713 15 24 1629 6899 23 39 24 48367 11729 23 27 190 43 25 41 6819 33561 15 37530,0
2662,477287,5,252 11 73810 3822 104013 13505 25209 122 477287 8470 10,0
2295,171024 146464,11,49109 34 38 13495 36 146464 32 12363 2710 77 4514 184 19160 1132 997 390 15 190749,0
2731,14748 5210 6507 264382,10,14748 36 5210 6507 14 15110 18680 10602 7352 27 10276 68788 37353 36 42 17 112,1
2676,4925 8034 4304 509,1,509 18 2653 32231 19 481 36 8034 4925 4304,1
2766,12596 14140,3,1361 3703 1538 27 12596 14140 27970 465 278 2768 487,0
2594,30971 3558 720,7,4248 720 36 30971 3558 78 78 2411 5796 143,0
2539,69229 361319 278 6399 3874 38,5,147 22 32 4508 36 69229 578078 9108 840 10028,0
2697,1279 521 3724,1,6283 1533 4822 321 73 152 617 1944 521 3724 622 68 34 4359 6133,0
2464,28 1683 26,5,28 2785 39699 1683 27 365 12 72228 27 599 5270 31 85 471,0
2309,7863 4484,14,16358 766 1525 7863 4484 27 7863 97 4484 32 104 9182 18 27928 22226 19,0
2889,38687 3182,6,38687 32558 121 7416 101 10658 3182 4984 3182 135,0
2447,839 11639 5985,13,839 36 12 11639 5985 17 97 4989 312 9937 31 11,0
2987,3131 54518,13,98 3131 27 12 1094 338 906 23723 5897 27 4584 25 2437 6 31,0
2722,17004 3238 427,3,22 981 1701 10015 17004 13721 39258 41 214 95 427 37,1
2594,30971 3558 720,15,4248 30971 20250 11344 39843 6067 720 4248 30971 20250 11344 39843 4842 15788,0
2647,731 20818 3374 33 201 399,1,4178 2456 882 11 1208 20818 119 2787 8401 3374 1615 1866 11,1
2513,794 30563 272 251,15,794 40 936 159 81 31 27 272 2251 1424 9240 10808 2351 30 37,0
2816,49694 14207 1351,16,36537 49694 2385 63 37 71126 5392 36537 49694 14207 1351,0
2388,4201 3028 8903 229,2,4201 215630 2194 7207 163113 367308 24 36408 23,1
2665,2776 17764 143,3,12 73 118 17764 10548 15 143 27 57408 2182 1487 4 38 28492 2448 15 1580,1
2478,783 2004 499,5,9802 33 24 8843 13634 23 516 499 7 54775 27 8537 1 783 2004 11820 7 844 11,0
2333,74951 31246 1090,2,69476 1681 15 6846 1003 27296 48 31246 355 63 408,1
2628,13982 24617 180698 6121,1,18 13982 24617 19 892 110579 27 5595 176 82 114 7082 45144 58 274 15 34743 52594,0
2839,315853,10,315853 129013 2448 308 6627 1765 504 1966 540,1
2709,61428 7536 10,1,7536,0
2309,7863 4484,11,1630 1110 383 15 4484 715 3734 15 7863 27 12 336 16 53787 27 12 4988 16 40752 342,0
2295,171024 146464,14,24199 36 146464 40802 14 41723 27 978 195849 161 44 72 73823 11 146464 2995 26709 44,0
2835,7481 21861 7297 2710,6,33152 69481 502 21861 7297 2710 37 27576 14 45834,0
2424,2976 1124 2681 116,6,227 205 2976 236 116 15 528 2681 27 157 45 126 31,1
2625,874 5387 1309 98597 738,6,874 5387 1309 36 166565 33 6494 365 28668 17382 39 115386 27201 1412 4483 3386,0
2560,14031 5166 1529 237,1,14031 5166 1529 13115 18878 13 201 37,0
2593,46123 148632,3,613 46123 27 255 117 98 148632 31 11 894 54 235 7379 19994 27 8410 1730 43427,0
2871,285929 11470 1395 1401,4,340 325 58562 1059195 43362 2367 1395 1401 27 33037 7668 3 2845,0
2641,3413 89 105,17,24 4092 500 23 3413 48 4454 5570 31 37 17 72 14 221 84 15 57 3072 31 11,0
2946,20 5741 13 95 2936 1559,1,20 5741 7322 153 13 65 1905 37 15924 374 10979 2936 1559 155823,0
2991,283122 9257 9339,8,544 9257 15 34 600 9339 2074 11,0
2510,14749 459 2530 38113,3,4657 9382 337 1443 41916 11 14749 459 2530 38113 42 2023 19871 8030 37,1
2730,12742 5030,12,44683 331 25653 1825 12742 5030 27 196 1518 43 10213 21899 27 3180 31,0
2301,439 12773 204,20,439 36 68911 142 41 285 12773 8803 24190 37 13230 89196 27 311 44 109 11,0
2701,4351,9,4307 24 562 203 117 1473 23 1584 40519 349337 63 1473 514 4351,0
2417,67 405 3701 3494,1,1557 15 4958 51857 24325 27 2789 39 112 266 3352 405 162 27 902 3626,0
2454,13659 43191,3,4448 36547 3267 43191 117 21861 13659 37,0
2535,20324 112001,6,83 7661 20324 112001,0
2553,610 27080 3276 1610 463,2,1934 33 610 7 27080 15 3276 1610 27 2 17 2771 27 17 183 2771 27 272 13565 31 409 37,1
2956,21124 66480,7,110 1388 203 2040 32843 27 42 361 66480 37 1565 36 108 1783 1025 957,0
2368,132908 196 15 3851 69,4,955 50451 132908 69 27 412 233 11,0
2736,2444 1143 49 1846,3,439 36 2444 1143 946 4421 2198 27 86 28609 54618 3650 27 2256 22 18868,1
2333,74951 31246 1090,3,29925 31246 41466 1791 156 27 1090 1414 31246 337 27296 8014 8949,0
2436,62 15188 245,2,8509 10679 62 15188 245,1
2973,2139 1005 10041 5583,6,2139 1005 16630 16141 20164 13115 71 393 627 70 27 26333 1252 661 162 11,0
2835,7481 21861 7297 2710,10,4756 12642 24 20 15 6034 23 6994 27 2746 7481 21861 7297 2710,0
2325,9759 54 3589 79 9784 3116 186,4,1982 3057 9684 18 9759 19 277 2401 820 43 27 3116 84 15 4712 373 27 159 4963 798 1221,0
2916,12837 25984 41 155 18621 30,1,4496 7821 155 16758 15971 10324 155 18621 12 41 102973 30 37,1
2272,4395 295,7,295 18 17 15 273 45904 1794 19 10235 9690 2918,0
2832,1909 7236 39 1942 134,1,5020 3747 31 859 27 1942 134 14282 145808 2900 1909 7236 63 1047 18027 11,0
2438,62 240,7,62 240 4817 4614 66 3 525 170 13023 84 171,0
2900,38310 1533,19,2573 29103 206305 3616 20692 3234 2292 209684 34 2958 196 622,0
2289,7763 50972 2602 10,3,7763 50972 273 754 5013 11933 14527 36118 90624 27 72 33 8426 749 572 678 115331,1
2794,397 980 1801 2969 11480,1,18 60 980 1801 2969 11480 19 78055 23388,0
2730,12742 5030,19,6261 36 25 958 7244 788 15 3180 27 12742 5030 2530 19007 44683 20465 31 11,1
2793,397 1549 5834 14231,12,397 1549 5834 564 2365 8224 1079 35 7464 11412 35 614 30022,0
2414,104297 2372,20,170 2187 2372 171 149002 1962 2109 1448 23169 15 4363 1043,0
2702,12686 193 20772,5,6111 3319 11547 50089 78062 245 36 12686 715 20772,1
2665,2776 17764 143,6,236 2776 682 32 174 15 24 4004 23 36 4803 92 154 22772 27 7707 6573 231,0
2731,14748 5210 6507 264382,2,14748 36 5210 6507 1137 106 48 10276 24 48536 23 199 10276 92 12 449 373,0
2427,511 1070 295 87327,3,295 18 87327 19 3116 1548 5709 27 2485 1943 697 27 126 138,0
2648,9552 754 2972 10,3,107 9499 146 10286 15 29402 27 12 748 285 9552 193 469 31 27 612 754 771 142 41 1134 37,0
2987,3131 54518,6,263 596 153 13 65 1585 37 14022 92 36 14780 16809 58 10283 2670 3131,0
2687,273670 397499 5118 48516,3,273670 35155 13993 48516 1673 25353 4431 477 8003 4334 733,0
2864,144530,5,459 13553 128927 15370 779 1299 382,0
2474,28825 498,16,74 4734 309298 27 756 5893 159 65221 1000 160593 41 1235 41873 27 28825 3751,0
2580,10577 1322 99217,1,736 2889 15198 15 3933 647 6181 220 27 10577 4984 40746 15198 61586 2889 476 595,0
2929,33184 1689 2655,4,5406 1689 24 2655 23 24 530 4209 23 117 1487,0
2873,44179 1049 20502,10,26193 1049 20502 40 2597 31 27 1657 20502 16 8 1216 37,0
2762,26303 464,8,384 11 26303 34 108 464 12 2390 27855 1509 13678 203 11,0
2707,1710 12421 1351,14,21488 709 771 7644 37 1351 1710 12421 641 2819 3149 11008,0
2431,380646,9,449 15824 1410 36 380646 39 70001 30725 91 353 13613 27 32 23641 40 3029 13 15504,0
2367,178500 43788 101964,5,108 241 178500 43788 101964 27 1299 21 11530 43788 1750,0
2360,1143 120546,12,6993 36 120546 104 62128 164937 27 42 5359 1143 6810 19775 31,0
2918,38078 24386 338,5,31970 379 38078 8711 26978 2964 25526 145415 36285 2869,0
2674,44539 76 3005,2,120549 37089 76 4009 2789 733,0
2947,20 3319 3428 722,3,3673 25479 11 76 789 60197 3319 3428 20 1761 70461 75 796 52841,1
2709,61428 7536 10,3,4522 31737 36 18160 3914,0
2812,76 2878 8518 15 28298,1,731 21 11810 15 28298 88053 15570 78 78 18098 76 3411 5669,0
2898,266 328 10927 26559,3,7309 15 10061 156 18 328 10927 19 27 3113 40 277 64 308 31 11,1
2852,20279 8163 3337,1,10015 62597 620 8163 3337 11 9764 15 1071 2253 31 27 28885 1313 41426 37,0
2380,58703 154267,1,58703 1087 629 88 18038 88 20 678 90473 88 40979 6697,1
2701,4351,7,24 40058 23 4351 63 856 37 19610 41165 1538 6533 27 2 3833 4005 64648,0
2402,9695 89300,2,9695 89300 3874 1139 3095 3195 146161 8591 9979,0
2310,268509 17097,15,18724 93 18245 78 78 268509 3664 5950 1617 20069,0
2414,104297 2372,12,2187 2372 2101 3986 3886 8642 11 71 11800 4976 23169 4976 33993 70,0
2546,20222 6150,1,4042 10479 153 3593 12270 20222 37 35086 111 257 12 49 291 27 5 31 48704 11,0
2740,13927 128437,3,115 119847 38706 152698 128437,0
2653,30572 434,5,123912 110 55 2309 618 125 82 1501 37 231 186 37,0
2550,556 80973,6,103 4775 29754 68 406 345 767 33 625 3824 2691 70888 15 554,0
2966,1137 68243,2,5512 2089 1137 963 391 797 265 27 44 268 17356 27 44 16 8808,0
2864,144530,1,72164 13553 332 1936 128927 13553,0
2336,74958 56683,4,3052 586 6057 7 170 40935 171,1
2869,126047 1747 7717,3,145 89498 40 726 786 15 126047 1747 3280 7717,0
2608,5962 367 182,3,5962 85 131 750 37 1050 50 30311 37,1
2386,14940 4163,1,18633 47178 36 17 5259 199 3165 2740 309 4163,0
2539,69229 361319 278 6399 3874 38,2,69229 361319 12245 94 278 13 119 977 11,1
2441,18268 136 15 7243,4,396 9265 5327 4636 7243 1584 44526 1825 138311 590 839 1154,0
2436,62 15188 245,9,2789 1442 20509 2375 27 5596 367 2233 40209 757 32 62 15188 27 2 22 14512,0
2841,7501 8 54,2,2455 5082 35 6721 35 8349 35 5706 35 2781 35 7501 5232 4594 8 54 37 47 22 293 477 69,0
2839,315853,8,367504 336 127 25053 48018 52 37,0
2708,4522 21182 634 2585,7,4522 21182 5229 1510 33958 27 73775 15 800 4522 21182 58 7918,0
2848,130907 187276 77894 7953 1878,4,100799 77894 1316 746 5020,0
2437,62 30242 304,7,8509 1489 27 8861 62 30242 27 318 659 11,0
2453,820 4455 1452,4,195 15407 221 23006 27 788 11426 820 4455 27 2197 20917 50601,0
2807,76 15359 1439 334 31 30,1,1679 27886 1447 27 76 41 3127 131 2036 30 27 211 7893 761 6428 37,0
2639,249 50641 434,4,77114 10196 1726 9385 27 249 46347 1507 274 18 50641 19 27 318 909 11,1
2848,130907 187276 77894 7953 1878,3,68423 1328 7306 0 43347 21965 8750 15 12380 31757 363 154071 170 71456 35604 6880 7953 171,0
2289,7763 50972 2602 10,9,7763 50972 6874 943 1772 38414 27 273 754 5013 5607 12844 27 15960 3826 55832,0
2419,67 902 1611 405,6,8694 27 67 4744 54 89398 73311 1340 1848 99158 15 2788,0
2967,6113 26267,18,6113 18 26267 19 1760 27 2688 15 1757 27 166 202 45 6437 31 11,1
2486,90624 13774 494,6,1164 5 710 11395 13774 27 4026 4042 2513 15992 5204 16739 27 1618 247 90624 343 37,0
2481,989 22022 64 83 3921,1,47 22 115 503 989 22022 64 83 15 69 27 513 3291 27 3506 843 11,0
2738,345 6229 204,1,6229 36 34592 94590 1501 27 1930 5784 8150 3474 6229 4318 11,0
2304,439 1201 2349 1612,11,439 36 12260 951 2390 7310 409 37 4903 13541 1612 31 39271 8605,0
2783,541 10220 1351,15,1960 4035 10220 541 423 780 127 2251 154 4912 95 37,0
2586,50570 226 29 8976,9,50570 226 29 8976 620 1254 737 1098 36 261 711 4087,0
2482,190623 7171,6,509 18 190623 19 27 7171 11202 91 343 3442 42 14 232 6582 27 15173 219,0
2536,29705 51158 116,4,29705 285 51158 21 873 15 2014 1285 27 11604 19236 27 857 535 2549,0
2870,7890 1649 9432,10,5902 13544 424 8340 11 5097 14744 30452 1649 1254 4628,0
2695,79496 3060 20315,7,8967 248 106 49863 35181 24 33718 23 79496,0
2682,51338 145908 121891 39 121891 68 559 52,1,51338 145908 121891 672 83865 37143 1351 36 2385 1782 137104 37143,0
2711,82944 116,10,1947 99 174 13048 4775 33540 18 15633 15780 19 3164 15 458 58 14 6177 295,0
2605,18957 358594,7,14606 332 635 229 15 331 16 5945 228 11,0
2466,28 11975 204,17,224 209700 270 700529 13 70221 27 92 286004 99 167,0
2468,7011 8 16464,3,67 54355 47 22 63 326 7 7011 27 190 43 42 54 108 86789 37,0
2930,42173 2042,8,33 1055 33027 1830 141490 11 12 134 253 2042 1133 24 8064 23 37 3078 15404 15 2042 952 11,0
2436,62 15188 245,3,24449 245 15 13479 62 1166 14497 15188 42 38 5932 35971 11,0
2824,1287 475 26295,2,24 397 20 526 1287 475 23 359 27 103 20 21 1530 526 40 13 142,0
2336,74958 56683,3,2041 50 2862 1862 27 47 22 63 54 6057 1152 3001 40935 7577,1
2416,68628 2850,7,11204 13282 37 7757 67575 102252 3754 11 68628 676913 2850 5802 13282 494 2992,0
2615,5017 1746 1692,2,2257 14 413 21470 1746 699 27 42 5072 2743 1453 385 27 6765 27909 9489,0
2513,794 30563 272 251,12,794 1424 9240 154 417 1713 36 20 1058 1140 376 3968 2840,0
2740,13927 128437,9,696 56 13927 128437 27 63 477 34325 75 346792 1699 64 1420 16978 767,0
2701,4351,8,11277 5783 33452 4351 27 886 963 856 11,0
2301,439 12773 204,1,439 36 12773 1084 6130 15 16 17054 27 196 1042 5336 11,0
2358,781 9413 354 10 204,5,256 7068 2387 68486 133 36 18 781 9413 19 354 787 15 151 1534 27 7900 2611 785,0
2828,244 468 79794,3,12995 134 3 66 7522 35 79794 688 11440 113336 27 11141 5762 20678 31 2765 3950,0
2407,6374 3778 16378 42019 16 939 1611 30,1,6374 36 54 65 31 3778 16378 42019 27 40 1159 54 4042 1611 31,1
2308,18464 8476,1,8476 1492 573 93 1953 27 3727 8955 929 27 492 11265 50547 34 13 38893 5431 11,0
2790,68 1377 3147,10,1377 3147 18 449 1210 1398 714 19 449 1210 45 25720 31 27 2280 81162 11,0
2590,1132 15064,12,2020 2806 846 1591 27 1132 35 15064 75 1370 1132 58 55 79,0
2966,1137 68243,5,6090 64372 1453 27 22 2424 41 11732 4674 237 38 1137 97 1453 391 1236 37,0
2939,20 11690 968 41812,5,12 968 465 1188 20630 6233 11 539 7961 177151 27 596 25536 290 1310 3725 98 11,0
2915,255 5171 15 2237 745 37,4,330 2079 7 2984 1308 11 886 3009 2762 296 5171 12286 20140 27 8181 17 8 4560 15 37,0
2657,3592 8327 1818,1,3592 1075 3512 15 54256 8327 1818 27 67 664 27 190 31 97 587 1075 6531 162 11,1
2973,2139 1005 10041 5583,4,76 66 187 2139 1005 10041 20164 6224 13115 393 627 96 6775,1
2591,88027 48 99 1672,4,88027 1413 218 106401 218 22447 15339 5565 8570 93894 140770 250600,0
2746,9330 28020 862,3,9330 39791 13237 116 28020 27 173 189 2470 17 27 274 15 126,0
2910,263 25898 34320,1,62 25898 93 23537 18 34320 19 263 4142 20595,1
2701,4351,13,10018 380 3185 16693 27 31166 2361 97 20 380 55622 27 20 380 14686 856,0
2635,2580 12739 9 1052,7,1664 185 36 2580 12739 2871 15 671,0
2932,3495 2140 397,12,3495 1234 397 34767 3104 145187,0
2334,172828 15 21597 107 22 232 146 1751,3,46 113 7 27 160 146 1950 22 27 146 1751,0
2885,139 397 461 7275 18 2918 19 388 27 4166 29193 20039 27 106 38 860 40 505 140 9156 12 833 1236 16317 33677 29966 16317 116972 55628 221839 16317 43 689 35068 3447 11146 35942,3,4166 29193 20039 2918 18 24868 19 461 3788 27 198 14416 162,0
2986,383 1005 2442 2174 12003,3,29308 156 2097 383 1005 2442 27 397 2174 4577 2992 14059 27 26333 8047,0
2545,220417,9,4138 509 18 220417 19 27 762 508 1079 27 37457 45 62 31,0
2376,69910 13586 12009 47700,2,1220 51804 5371 22102 39 2499 10 15 10 11 42 161 8877 47700 423 33987 11,1
2272,4395 295,18,7718 1269 3357 18 34451 19 17327 2681 482 501 27 126 138 4 67 11,0
2640,249 62 212 985 98 21784,3,249 315 62 212 71 6646 3058 70 175 15 6769 71 7421 985 70,1
2649,87224 1563 414 15 1921,9,52871 13 201 1823 1921 37 414 52871 15 855 13 201 2969 239 37,0
2497,1773 9707 8050,2,225 54 13086 7 15 36481 1376 27 671 13478 31 123 36118 8050 27 157 45 2122 31,1
2473,223 1398 232,7,232 422 5677 816 1398 223 4153 27 223 164 1583 27 1588 115 232 1573 41828,0
2322,1292 82482 15 53,2,3793 88 82482 88 12464 4529 7038 25764 27 7116 427 14370 35 1292 3204 27 33 3020 199 31477 444 5934,0
2469,15512 6534,1,23743 32061 47 825 27 1384 52 15 15512 1532 38 79736 27 107 6807 15 42 4155 11,0
2587,8458 49 515592 75929,2,8458 49 36 30794 1933 2868 27 4632 7430 39 31179 1474 3733 45 533 31,1
2753,904 8 5 13422 345,2,5 904 257 12 1627 739 27 866 5813 11 1840 5 348 904 314 37,0
2504,19646 6224,17,416 1897 757 155 19646 1252 27 22 32 2191 12 253 24 1708 23 30 37 86 36 17 6107 16 59401,0
2424,2976 1124 2681 116,13,820 1027 2976 116 10502 528 2681,0
2873,44179 1049 20502,3,5143 6205 199 110 9 1418 22181 27 44179 1049 61729 412 233 11,0
2323,27899 736 2271 245,2,14735 12694 15 736 547 397,0
2319,2223 42996 13299,9,2223 42996 52210 826 13299 196567 274 2239 27 166 43658 25 114 16 752,1
2326,103715 7217 96403,3,50 16 12722 15 103715 7217 96403 37,0
2951,705 4920 551 591 211317 90306 55 4160,3,81633 1294 11751 6428 705 551 591 4192 5704 18637 429 423 1104 5386 3484 299 7366 1906,0
2267,273 1829 15,9,8068 79 17297,0
2394,43007 17083,4,63577 275 15 36441 259 144 43007 17083 27 576 205 3492 39838 27091,0
2848,130907 187276 77894 7953 1878,5,2552 125 207 8576 11 84729 189362 18237 4629 1878,0
2355,131620 1955,6,131620 1955 3893 9338 11604 2260,0
2457,141 18490 1016,9,49229 2505 3607 990 36 5003 6659 8355 18490 444 416 29522,1
2768,48367 11729,6,128510 19106 35 4956 115 33006 40 1886 1113 56 10626,0
2473,223 1398 232,3,4483 14004 15 59765 232 599 5279 27 443 14120 2469 27 232 446 1398 223 4380,0
2272,4395 295,16,821 1864 326 3454 4395 280 803 295 27 12 58 45 533 31 11,0
2376,69910 13586 12009 47700,16,69910 36 587 97 12825 673 1025 38097 27 2 44 5610 39 66169 401 836 40 30025,0
2359,81681 105,1,81681 357736 18638 15 254 1970,0
2603,29537 37065,8,29537 22790 37065 78 78 34488 3285 1162 41 50434 3285 36002 11 2443 901 15 51 29 291 626,0
2969,4446 819 834,2,4446 819 36 37651 834 39 10024 27 9569 6783,1
2615,5017 1746 1692,1,2446 4636 8534 27 9756 2257 21470 1746 27 14355 385 27 6765 65 11608,1
2379,18155 8250 10 1951 136641,1,47961 9286 136641 574,1
2504,19646 6224,13,106 1007 1897 296 1381 11 51 279 62 19646 6224 148 27 3049 48095 49 15 2303 39 4041 1007 2619,0
2388,4201 3028 8903 229,3,4201 36 20507 8903 229 34098 93058 1183 43096,0
2328,21983 76 1463,4,76 68 187 29844 4497 314 15 964 544,1
2405,4946 789181 687 19653 913 1814 650,2,100761 36 64977 39 687 19653 45937 27 16 17499 118384 27 5416 10307 11,1
2395,6254 708 1098,5,6254 3908 708 1098 11 478 15 4261 27 91 3319 532 454 14984 2082 2550,0
2375,2927 221,6,221 84 15 134 6 2927 93 143 27 22 786 95 37,0
2267,273 1829 15,6,16851 273 1829 15 7336 46815,0
2790,68 1377 3147,7,3037 1377 3147 18 90938 46 27309 65 19 45 1548 31 27 11158 27 77 5709 68,1
2583,27873 15 17684 221 9809 204,10,221 9809 541 36 2386 11398 13337 27 1194 3437 228 31098 15 884 11,0
2988,192 475 5304 63 6647,3,2528 192 43 27 42131 355 63 6647 27 3003 17922 239 37 66 352 576 17407,1
2585,9033 6197 2294,1,1184 1627 568 1980 14243 6032 4307 8170 3196 378,1
2297,285722 16 335 6332 7511 5178 31703 15055 8245 15 24 3069 23 27 3579 16 335 66,1,14 8245 43 4 3698 27 119 4616 14 24 26 692 117 692 23,1
2582,21695 62 3143 2445 30073,8,6114 508 535 27 225 31727 593 3143 2445 37203 27 49 34 30073 3574 331 262072 233809,0
2762,26303 464,9,33 2659 26303 27 880 464 46 79 20 10073 27 1874 343 15 186,1
2640,249 62 212 985 98 21784,1,249 315 62 212 71 7421 985 70 8068 22 57435 50,1
2431,380646,3,28046 17389 679 477 2082 3293 26674 27 380646 139498 27 58 986 2335 44,0
2775,66 3 1576 1662 439,4,439 1576 313 1662 1572 27 5170 188 6927 27 2652 2781 468 1346 63 203 1880 37,0
2659,3592 40592,2,7174 255 9002 40592 27 104 3139 33599 27 4700 167 7250 11 71 393 342 70,0
2864,144530,13,316178 128927 808 150 427 458 18 273 17 151 44 19 27 1569 1880 10542 4660 26134 1821,0
2356,3527 3229 39694 204,2,3527 3229 39694 1855 3527 3229 21414 4473 15 3527 39694 3229,1
2271,534 22483 10,17,534 33 38722 27 151 34 33 22483 37,0
2938,54368 7778 125 2249 10,7,3779 7778 125 14210 422 2891 548193 2249 97147 3970,1
2443,839 240 588 5109,6,240 12939 1534 5109 36 839 3849 771 27 12 4706 1230 58264 30 37,0
2540,4538 8 656,7,294087 199 27 745 82 183 88937 37 209 810 183 257 64 12 845,0
2698,6283 5518 58922,20,610 271 6106 31 1248 24 5518 15 131 257931 2942 23,0
2622,19130 14655 5177,9,14655 15 1905 2082 27 2023 4769 155 19130 6240 1782 11,0
2279,754 571,5,5236 36 1659 442 814 735 64 189 457 1501 31,0
2987,3131 54518,4,54518 3274 6285 36 8354 93272 1169 11734 221 3357,0
2889,38687 3182,5,7416 45625 3182 29002 213 38687 136310 3705 15 429 27 747 158 36189 37,0
2893,1066 5385 2451,8,1066 5385 31193 30702 576 2451 27 83 1846 51 29 112 286 1201 27 1077 6298 1783 83694 87 87,0
2424,2976 1124 2681 116,7,227 1668 39 2976 15 56 882 15 741 528 62 2681,1
2505,8516 5 54821 68300,3,1367 5 54821 68300 15 22 27 157 786 85 1562 30 37,1
2697,1279 521 3724,2,6283 1533 4822 321 1491 521 3724 622,1
2962,110 34 55 9515,4,690 11674 34 572 11 107 8358 146 24615 15 24 5423 23 211 31297 20945 37,0
2331,54 12604 101923 409,2,12604 110 55 101923 37 12604 101923 5928 111 554 37,0
2319,2223 42996 13299,1,2223 42996 74 13299 59 412 220 295 1417,0
2679,14828 338441 795,3,14828 36 96 33750 338441 476 1678 27 1458 6629 657 42 41 6747 2790 37,1
2957,2774 17519 45328 6668 38192 284 15,1,15749 3090 128 15 46 27 98 17519 45328 6668 174 27 7 29 2912 15 46,0
2890,10731 111130,11,8861 2164 10731 111130 259 2637 687 13854 7422 4465 841 2612 119 80784 69 27 153 25581 20548,1
2865,19358 914 7006,5,914 7006 13414 27 894 2670 35495 25 5497 1059 11,0
2691,8436 70759,8,8436 3803 3053 70759 2710 27 13345 47584 11 86 1884 1478 11,0
2437,62 30242 304,19,62 36510 36 12 12856 45436 130 533 27 9 24333 184 12298,0
2575,114557 12227 1256 299 10,7,114557 14025 12227 27 1449 74982 114104 43909 27 12 2385 142 41 107 37,1
2926,10925 34 273 4455 15 2759 16 182,8,875 256 820 4455 265 27 64 286 157 88314 466 31 30 37,0
2931,3495 2789 12432,6,3914 312 493 37 3495 579 2453 4587 2789 15 837,1
2447,839 11639 5985,14,839 36 12 11639 5985 16 157 802 346 25601 4540 465,1
2530,22907 5647 59297 498 116,2,42441 1543 88 22907 5647 59297,0
2835,7481 21861 7297 2710,18,7481 21861 7297 2710 1405 4547 23861 243 1938,0
2426,20790 1430,3,40 92 20790 478 30472 6 11 79 103 2269 80 337 3487 15 20790 16 490 2546 11,0
2594,30971 3558 720,4,4248 30971 27934 8314 720 27 1145 38 10830,0
2602,21994 25527 15 458,10,21994 36 25527 274 12025 29348 27 22731 2 34 515 27 1004 45 13 16193 31,1
2954,42373 8821 14307,5,345384 42373 8821 14307 1215,0
2967,6113 26267,17,6113 18 26267 19 107 892 42 126 27 59458 1171 7744 27 45 4435 31,0
2931,3495 2789 12432,2,2789 108 336 256 37 125 13004 885 13327 3495 2789 6334 5011 2853 1319,0
2790,68 1377 3147,17,1377 3147 18 323 4237 383 836 19 295 27 116 240 3477 27 18098 1372 12367,0
2835,7481 21861 7297 2710,15,7481 21861 7297 2710 1405 1938 36 3774 31562 31 1539 3138,0
2590,1132 15064,14,2789 34790 7656 27 22 21 1828 15 607 467 37 1132 151 15064 37,1
2896,12320 3735 29553 95,3,3184 40 13 37489 19669 8963 11 1435 12320 3735 41086 5141 1349 64 31893 37,1
2901,29443 706,18,17 1276 1153 372 677 38332 1276 15087 35527 2788 3337,1
2633,8105 602087 750,3,1036 31535 4021 37 2 8105 5706 188 792 1763 15 15329 1414 79 292,1
2435,1500 10117 52501,3,10117 84 52501 36874 864 37 46222 15 1500 11 49 408 66 11 2771 387 10117 1162 84,1
2837,4248 22454 87907,10,6605 7 336 893 37 415013 893 22454 9193 53883 11911 17881 3257,1
2633,8105 602087 750,1,6075 18221 27 15329 15 8105 5706 39 3880 12287 8 408 37,0
2715,1477 25738 48 43405 15 10,9,43405 27 5938 165 2241 27 258 887 15 4090 2241 2314 27 2 22 4063 1120 2046,0
2864,144530,3,7004 31025 169 1303 27 43325 183 11998 489 27 2078 55 4943 159 1126,0
2769,27 958 610 12 968 465 1106 1905 27 9524 7515 4193,3,1279 15 12 968 465 8979 31 27 278 444 514 1279 7511 610 27 15295 16 1055 37,0
2750,768 10 379 848,3,12486 768 1027 848 10,0
2467,5290 10 819,8,10037 78 78 5290,0
2272,4395 295,9,8969 295 12 102 2450 803 15 115959 5268 3721 2102 18 17 52 5539 17 8508 19,0
2792,397 3411 840,1,14327 270 677 234774 79 3029 1604 76371 397 2233 70572 71 3411 840 70 299,0
2461,4683 2138 15 4077,1,40314 18 4077 19 14786 12087 26 6574 1916 34 40 3353 31 11,1
2813,76 1027 122338,3,5116 1053 17161 27 76 6514 1027 5446 24 2775 23 469,0
2466,28 11975 204,19,28 93988 80414 1847 9149 14513 11512 26167 920,0
2664,71094 597 8523 1283,14,597 8523 46039 18 12602 19 13 29710 91 23892 104612 1120 78 71094 35 79418,0
2929,33184 1689 2655,10,33184 27 53072 11,0
2935,12042 15 1700,7,10938 1775 22 9697 27 906 623 2249 12042 15 1700,0
2489,33907 2157 1871 6483,4,176831 33907 27 151613 216 81 6483 57 27 269 2 34 926,0
2358,781 9413 354 10 204,2,781 9413 36 16415 2194 27 9250 61428 12017,0
2797,60 3 924 13 875 10389,2,6252 1758 19394 155990 924 67295 60 23143 10389 564 508 1098,0
2879,351375 590 2019,1,3338 142835 2567 1351 36 111 22 2708 84 15 566 1471 27 58 41 327 590 11,0
2280,4528 7452 9144 27041 590,2,4528 7452 36 243 256 11096 2241 27 3127 31 134 1100 9144 27 590 350 7860 1063 37,0
2753,904 8 5 13422 345,20,904 21 13 866 15 1613 100 585 345 7116 52 822 38 1375 267 38 1520 904,0
2768,48367 11729,7,48367 98855 477 4968 11729 771 58338 15 1191 468 127416 27 12 82 16 698 50465,0
2330,54 50 461 2052 554 4 52,2,3361 461 69 314 37 12 51 118 69 41073 27 461 554 11159 2956 48 12278 11,0
2981,4572 1490 158277,3,56815 36 4616 644 12028 4572 92 44 422 48723 15 27 4572 1507 31 1490 158277 199134,0
2310,268509 17097,14,17097 36 10479 85426 1569 14 40798 27 8230 713 25932 26205 27 96615 7111 11,0
2344,160 39 46 180 11688 16175,8,4402 369 2 28 11688 31 6319 1683,1
2698,6283 5518 58922,18,17089 58922 36 58922 14 77947 8504 27 16683 1306 58922 6824,0
2557,18411 6439,13,195 13676 24 18411 23 196 2106 54342 5178 14511,0
2577,3347 861 104240,9,3347 56615 104240 69960 814 436 1704 36 61878 13623 10624 27 296792 21077,0
2649,87224 1563 414 15 1921,6,87224 1563 414 15 2969,0
2974,6671 89 947,1,107101 89 29329 321,0
2474,28825 498,7,18 28825 19 534 3245 2285 182689 4891 31 26 803 27 24203 2143 520 34,0
2630,258 4318 256 15 3818,3,12 51 29 868 285 11558 1199 7391 7729 27 13 117215,0
2951,705 4920 551 591 211317 90306 55 4160,4,161544 1294 3574 705 551 591 2472 4920 299 19998 799 1906 5334 6307 4920 9873 7366 1906,0
2448,14792 509982,2,19243 7423 15 14792 2367 68 27 16 1472 68 118 2402 15 23229 27 5175 77 2437 11,1
2891,671 10245 1712 780 29 25 38 2226 31 37,3,1367 10245 16 674 45575 30 37 671 38 1712 85 2666 158 2226,1
2819,51 107 66 5000 5215 911 27 4 33,2,1649 36 1812 51 107 66 8298 5215 27 9292 1577 1721 51 475 11,0
2354,1761 51024,5,506 1761 117 316 15799 27 14190 51024 210850 21329 27 2471 9907 426 187 708 11,0
2932,3495 2140 397,7,958 119 2106 27 119 1012 11133 4267 15594 11 3495 1625 321 3651 6078 1970,0
2423,7207 5535 26560 61,6,2563 5535 170 5535 26560 27 1173 31 27 198 382 22684 162 11 171,0
2739,3908 1403 2237 245,7,10971 1166 15 6726 70827 1403 27 963 38127 11 76185 1331 146 787 11,1
2709,61428 7536 10,6,3135 546 2251 1335 28546 35 3073 74184 61428 36 44920 74184 61428,0
2884,18 48355 19 222 298 9417,8,9417 222 18 48355 19 45 126 31 27 318 233,0
2588,42369 28900,6,42369 66 36 28900 158 1039 11 145927 40 268 44 15 1059,0
2500,7469 59 15 20 1301,1,1205 1225 32 11861 18 7469 59 15 20 19 27 1884 36 17 77 8755 20 15 844,0
2897,569 1589 15 2508 295,15,12557 295 18 569 9219 15 2508 19 569 1589 15 2508 27 1943 2688 393 388,0
2973,2139 1005 10041 5583,7,13327 10041 5761 133 32644 4590 2139 1005 20164 2992 13115,0
2397,6104 29451 3501 13770 2281,12,416 1897 36 6104 6058 15 331 16 29451 3501 37,0
2284,2175 28564,11,14 2175 27499 55 214 28564 30 37 326 63 2264 27312 37,0
2603,29537 37065,5,266120 37065 366 6415 41867 3285,0
2560,14031 5166 1529 237,7,4810 6305 303 14031 9596 1529 2878 237,0
2547,32366 43947 53021,1,2396 32366 156 15 53021 43947 268 2012 15 314 15 27 2951 585 517 15 3567 11,0
2275,189068 122 458,17,1188 15 9827 1012 18687 18 42354 19 27 1093 36 96196 9229 27 42 1879 126,1
2419,67 902 1611 405,5,54 64673 97 4554 5884 405 42432 134886 27 53 67 43717 9229 27 902 12577,0
2622,19130 14655 5177,4,13160 9867 19130 15 2393 11 1569 14 19130 4626 11,0
2870,7890 1649 9432,8,35292 1649 36 1288 5068 27 17 106 6114 11 14744 424 16788 27 2628 2221,0
2466,28 11975 204,5,28 61 27 7644 3047 224 93 17539,0
2892,31824 33809 20,2,20 10606 31824 33809 15 399 27 1090 109 1185 56 206 27 112 16057 37,1
2553,610 27080 3276 1610 463,1,181 7 27080 3276 1610 9497 5025 27 6532 1434 27 19892 686 36 355,0
2693,234645 232 66349,7,1306 11571 27 7525 3273 27 1245 3731 39 3338 27 44 2055 199 114093 141 2156 232 11,0
2328,21983 76 1463,11,76 66 187 12257 88 11455 1463,0
2778,304 1 15 10855 7310,3,2276 771 36 304 18303 15 10855 7310 16 29 182 15 1794,0
2959,23572 86112 1858,1,3810 677 5792 8291 1476 49 180 10692 705 17801 990 2320 3651 429,1
2628,13982 24617 180698 6121,3,110579 6121 344 2273 15 9454 27 227 18 13982 24617 19 27 2007 2465 15754,0
2668,2096 169421 1035 7530 1252,3,1148 20775 27 12 123 127 131 397 7530 1252 688 73 1845 27 286 66 127 2283 107 357 42 345,0
2441,18268 136 15 7243,8,839 36 7243 84 15 21587 27 96 1645 74876 1678 27 3393 925 14485,0
2398,4548 8 55 14624,8,4548 457 1007 31 51 639 27 3436 205 42006 5188 14624 27 409 37,0
2753,904 8 5 13422 345,11,2179 39 904 8 5 13422 517 37,0
2596,8945 1528 57140 104997,1,8945 170 89826 403 104997 171 88 7952 7339 24533 6446 5923 15098,0
2695,79496 3060 20315,6,53220 2802 43166 673 876 76732 218972 863 7434 79496 33262,0
2379,18155 8250 10 1951 136641,5,1711 136641 47961 1358 27 22 40 25866 31 30 37,0
2762,26303 464,10,340 36 33 26303 299 221 15 464 1225,0
